  0.20000000E+01  0.10000000E+01  +Infinity
  0.20000000E+01  0.10500000E+01  +Infinity
  0.20000000E+01  0.11000000E+01  +Infinity
  0.20000000E+01  0.11500000E+01  +Infinity
  0.20000000E+01  0.12000000E+01  +Infinity
  0.20000000E+01  0.12500000E+01  +Infinity
  0.20000000E+01  0.13000000E+01  +Infinity
  0.20000000E+01  0.13500000E+01  +Infinity
  0.20000000E+01  0.14000000E+01  +Infinity
  0.20000000E+01  0.14500000E+01  +Infinity
  0.20000000E+01  0.15000000E+01  +Infinity
  0.20000000E+01  0.15500000E+01  +Infinity
  0.20000000E+01  0.16000000E+01  +Infinity
  0.20000000E+01  0.16500000E+01  +Infinity
  0.20000000E+01  0.17000000E+01  +Infinity
  0.20000000E+01  0.17500000E+01  +Infinity
  0.20000000E+01  0.18000000E+01  +Infinity
  0.20000000E+01  0.18500000E+01  +Infinity
  0.20000000E+01  0.19000000E+01  +Infinity
  0.20000000E+01  0.19500000E+01  +Infinity
  0.20000000E+01  0.20000000E+01  +Infinity
  0.20000000E+01  0.20500000E+01  +Infinity
  0.20000000E+01  0.20999999E+01  +Infinity
  0.20000000E+01  0.21500001E+01  +Infinity
  0.20000000E+01  0.22000000E+01  +Infinity
  0.20000000E+01  0.22500000E+01  +Infinity
  0.20000000E+01  0.23000000E+01  +Infinity
  0.20000000E+01  0.23499999E+01  +Infinity
  0.20000000E+01  0.24000001E+01  +Infinity
  0.20000000E+01  0.24500000E+01  +Infinity
  0.20000000E+01  0.25000000E+01  +Infinity
  0.20000000E+01  0.25500000E+01  +Infinity
  0.20000000E+01  0.25999999E+01  +Infinity
  0.20000000E+01  0.26500001E+01  +Infinity
  0.20000000E+01  0.27000000E+01  +Infinity
  0.20000000E+01  0.27500000E+01  +Infinity
  0.20000000E+01  0.28000000E+01  +Infinity
  0.20000000E+01  0.28499999E+01  +Infinity
  0.20000000E+01  0.29000001E+01  +Infinity
  0.20000000E+01  0.29500000E+01  +Infinity
  0.20000000E+01  0.30000000E+01  +Infinity
  0.20000000E+01  0.30500000E+01  +Infinity
  0.20000000E+01  0.30999999E+01  +Infinity
  0.20000000E+01  0.31500001E+01  +Infinity
  0.20000000E+01  0.32000000E+01  +Infinity
  0.20000000E+01  0.32500000E+01  +Infinity
  0.20000000E+01  0.33000000E+01  +Infinity
  0.20000000E+01  0.33499999E+01 -0.24497945E+01
  0.20000000E+01  0.34000001E+01 -0.15944263E+01
  0.20000000E+01  0.34500000E+01 -0.20196848E+01
  0.20000000E+01  0.35000000E+01 -0.22806082E+01
  0.20000000E+01  0.35500000E+01 -0.25301318E+01
  0.20000000E+01  0.35999999E+01 -0.48722283E+01
  0.20000000E+01  0.36500001E+01 -0.57383163E+01
  0.20000000E+01  0.37000000E+01 -0.58454004E+01
  0.20000000E+01  0.37500000E+01 -0.58062873E+01
  0.20000000E+01  0.38000000E+01 -0.59537431E+01
  0.20000000E+01  0.38499999E+01 -0.60723820E+01
  0.20000000E+01  0.39000001E+01 -0.50757991E+01
  0.20000000E+01  0.39500000E+01 -0.32667921E+01
  0.20000000E+01  0.40000000E+01 -0.28935827E+01
  0.20000000E+01  0.40500002E+01 -0.47959945E+01
  0.20000000E+01  0.40999999E+01 -0.52608733E+01
  0.20000000E+01  0.41500001E+01 -0.58793212E+01
  0.20000000E+01  0.41999998E+01 -0.49056538E+01
  0.20000000E+01  0.42500000E+01 -0.43818986E+01
  0.20000000E+01  0.43000002E+01 -0.29063714E+01
  0.20000000E+01  0.43499999E+01 -0.15161578E+01
  0.20000000E+01  0.44000001E+01 -0.11164335E+01
  0.20000000E+01  0.44499998E+01 -0.47617866E+00
  0.20000000E+01  0.45000000E+01  +Infinity
  0.20000000E+01  0.45500002E+01  +Infinity
  0.20000000E+01  0.45999999E+01  +Infinity
  0.20000000E+01  0.46500001E+01 -0.13153198E+01
  0.20000000E+01  0.46999998E+01  +Infinity
  0.20000000E+01  0.47500000E+01 -0.33204091E+01
  0.20000000E+01  0.48000002E+01 -0.34516768E+01
  0.20000000E+01  0.48499999E+01 -0.46072503E+01
  0.20000000E+01  0.49000001E+01 -0.55490518E+01
  0.20000000E+01  0.49499998E+01 -0.62449074E+01
  0.20000000E+01  0.50000000E+01 -0.57920823E+01
  0.20000000E+01  0.50500002E+01 -0.60345957E+01
  0.20000000E+01  0.50999999E+01 -0.60260676E+01
  0.20000000E+01  0.51500001E+01 -0.50100685E+01
  0.20000000E+01  0.51999998E+01 -0.39565843E+01
  0.20000000E+01  0.52500000E+01 -0.32937814E+01
  0.20000000E+01  0.53000002E+01 -0.12282750E+01
  0.20000000E+01  0.53499999E+01 -0.16404849E+01
  0.20000000E+01  0.54000001E+01 -0.16984978E+00
  0.20000000E+01  0.54499998E+01  +Infinity
  0.20000000E+01  0.55000000E+01 -0.15472748E+01
  0.20000000E+01  0.55500002E+01  +Infinity
  0.20000000E+01  0.55999999E+01  +Infinity
  0.20000000E+01  0.56500001E+01 -0.19105203E+01
  0.20000000E+01  0.56999998E+01  +Infinity
  0.20000000E+01  0.57500000E+01 -0.13528153E+01
  0.20000000E+01  0.58000002E+01 -0.29663617E+01
  0.20000000E+01  0.58499999E+01 -0.31958345E+01
  0.20000000E+01  0.59000001E+01 -0.22767231E+01
  0.20000000E+01  0.59499998E+01  +Infinity
  0.20000000E+01  0.60000000E+01 -0.51430365E+00
  0.20000000E+01  0.60500002E+01  +Infinity
  0.20000000E+01  0.60999999E+01  +Infinity
  0.20000000E+01  0.61500001E+01  +Infinity
  0.20000000E+01  0.61999998E+01  +Infinity
  0.20000000E+01  0.62500000E+01  +Infinity
  0.20000000E+01  0.63000002E+01  +Infinity
  0.20000000E+01  0.63499999E+01  +Infinity
  0.20000000E+01  0.64000001E+01  +Infinity
  0.20000000E+01  0.64499998E+01  +Infinity
  0.20000000E+01  0.65000000E+01  +Infinity
  0.20000000E+01  0.65500002E+01  +Infinity
  0.20000000E+01  0.65999999E+01  +Infinity
  0.20000000E+01  0.66500001E+01  +Infinity
  0.20000000E+01  0.66999998E+01  +Infinity
  0.20000000E+01  0.67500000E+01  +Infinity
  0.20000000E+01  0.68000002E+01  +Infinity
  0.20000000E+01  0.68499999E+01  +Infinity
  0.20000000E+01  0.69000001E+01  +Infinity
  0.20000000E+01  0.69499998E+01  +Infinity
  0.20000000E+01  0.70000000E+01  +Infinity
  0.20000000E+01  0.70500002E+01  +Infinity
  0.20000000E+01  0.70999999E+01  +Infinity
  0.20000000E+01  0.71500001E+01  +Infinity
  0.20000000E+01  0.71999998E+01  +Infinity
  0.20000000E+01  0.72500000E+01  +Infinity
  0.20000000E+01  0.73000002E+01  +Infinity
  0.20000000E+01  0.73499999E+01  +Infinity
  0.20000000E+01  0.74000001E+01  +Infinity
  0.20000000E+01  0.74499998E+01  +Infinity
  0.20000000E+01  0.75000000E+01  +Infinity
  0.20000000E+01  0.75500002E+01  +Infinity
  0.20000000E+01  0.75999999E+01  +Infinity
  0.20000000E+01  0.76500001E+01  +Infinity
  0.20000000E+01  0.76999998E+01  +Infinity
  0.20000000E+01  0.77500000E+01  +Infinity
  0.20000000E+01  0.78000002E+01  +Infinity
  0.20000000E+01  0.78499999E+01  +Infinity
  0.20000000E+01  0.79000001E+01  +Infinity
  0.20000000E+01  0.79499998E+01  +Infinity
  0.20000000E+01  0.80000000E+01  +Infinity

  0.20999999E+01  0.10000000E+01  +Infinity
  0.20999999E+01  0.10500000E+01  +Infinity
  0.20999999E+01  0.11000000E+01  +Infinity
  0.20999999E+01  0.11500000E+01  +Infinity
  0.20999999E+01  0.12000000E+01  +Infinity
  0.20999999E+01  0.12500000E+01  +Infinity
  0.20999999E+01  0.13000000E+01  +Infinity
  0.20999999E+01  0.13500000E+01  +Infinity
  0.20999999E+01  0.14000000E+01  +Infinity
  0.20999999E+01  0.14500000E+01  +Infinity
  0.20999999E+01  0.15000000E+01  +Infinity
  0.20999999E+01  0.15500000E+01  +Infinity
  0.20999999E+01  0.16000000E+01  +Infinity
  0.20999999E+01  0.16500000E+01  +Infinity
  0.20999999E+01  0.17000000E+01  +Infinity
  0.20999999E+01  0.17500000E+01  +Infinity
  0.20999999E+01  0.18000000E+01  +Infinity
  0.20999999E+01  0.18500000E+01  +Infinity
  0.20999999E+01  0.19000000E+01  +Infinity
  0.20999999E+01  0.19500000E+01  +Infinity
  0.20999999E+01  0.20000000E+01  +Infinity
  0.20999999E+01  0.20500000E+01  +Infinity
  0.20999999E+01  0.20999999E+01  +Infinity
  0.20999999E+01  0.21500001E+01  +Infinity
  0.20999999E+01  0.22000000E+01  +Infinity
  0.20999999E+01  0.22500000E+01  +Infinity
  0.20999999E+01  0.23000000E+01  +Infinity
  0.20999999E+01  0.23499999E+01  +Infinity
  0.20999999E+01  0.24000001E+01  +Infinity
  0.20999999E+01  0.24500000E+01  +Infinity
  0.20999999E+01  0.25000000E+01  +Infinity
  0.20999999E+01  0.25500000E+01  +Infinity
  0.20999999E+01  0.25999999E+01  +Infinity
  0.20999999E+01  0.26500001E+01  +Infinity
  0.20999999E+01  0.27000000E+01  +Infinity
  0.20999999E+01  0.27500000E+01  +Infinity
  0.20999999E+01  0.28000000E+01  +Infinity
  0.20999999E+01  0.28499999E+01  +Infinity
  0.20999999E+01  0.29000001E+01  +Infinity
  0.20999999E+01  0.29500000E+01  +Infinity
  0.20999999E+01  0.30000000E+01  +Infinity
  0.20999999E+01  0.30500000E+01  +Infinity
  0.20999999E+01  0.30999999E+01  +Infinity
  0.20999999E+01  0.31500001E+01  +Infinity
  0.20999999E+01  0.32000000E+01 -0.17770046E+01
  0.20999999E+01  0.32500000E+01 -0.92456495E+00
  0.20999999E+01  0.33000000E+01 -0.31235291E+00
  0.20999999E+01  0.33499999E+01 -0.13230954E+01
  0.20999999E+01  0.34000001E+01 -0.16769984E+01
  0.20999999E+01  0.34500000E+01 -0.13940362E+01
  0.20999999E+01  0.35000000E+01 -0.24125270E+01
  0.20999999E+01  0.35500000E+01 -0.46522256E+01
  0.20999999E+01  0.35999999E+01 -0.56811442E+01
  0.20999999E+01  0.36500001E+01 -0.50261814E+01
  0.20999999E+01  0.37000000E+01 -0.50091325E+01
  0.20999999E+01  0.37500000E+01 -0.50922941E+01
  0.20999999E+01  0.38000000E+01 -0.50794447E+01
  0.20999999E+01  0.38499999E+01 -0.28783479E+01
  0.20999999E+01  0.39000001E+01 -0.22899178E+01
  0.20999999E+01  0.39500000E+01 -0.36196857E+01
  0.20999999E+01  0.40000000E+01 -0.47407920E+01
  0.20999999E+01  0.40500002E+01 -0.52923842E+01
  0.20999999E+01  0.40999999E+01 -0.43154058E+01
  0.20999999E+01  0.41500001E+01 -0.36327346E+01
  0.20999999E+01  0.41999998E+01 -0.20994404E+01
  0.20999999E+01  0.42500000E+01 -0.42553391E+00
  0.20999999E+01  0.43000002E+01 -0.60930079E+00
  0.20999999E+01  0.43499999E+01  +Infinity
  0.20999999E+01  0.44000001E+01  +Infinity
  0.20999999E+01  0.44499998E+01  +Infinity
  0.20999999E+01  0.45000000E+01  +Infinity
  0.20999999E+01  0.45500002E+01 -0.72201537E+00
  0.20999999E+01  0.45999999E+01  +Infinity
  0.20999999E+01  0.46500001E+01  +Infinity
  0.20999999E+01  0.46999998E+01 -0.32161596E+01
  0.20999999E+01  0.47500000E+01 -0.25339676E+01
  0.20999999E+01  0.48000002E+01 -0.42831008E+01
  0.20999999E+01  0.48499999E+01 -0.50628486E+01
  0.20999999E+01  0.49000001E+01 -0.50817571E+01
  0.20999999E+01  0.49499998E+01 -0.43780114E+01
  0.20999999E+01  0.50000000E+01 -0.52771816E+01
  0.20999999E+01  0.50500002E+01 -0.50998332E+01
  0.20999999E+01  0.50999999E+01 -0.47641711E+01
  0.20999999E+01  0.51500001E+01 -0.34052534E+01
  0.20999999E+01  0.51999998E+01 -0.29258058E+01
  0.20999999E+01  0.52500000E+01 -0.26073432E+00
  0.20999999E+01  0.53000002E+01 -0.13940362E+01
  0.20999999E+01  0.53499999E+01  +Infinity
  0.20999999E+01  0.54000001E+01  +Infinity
  0.20999999E+01  0.54499998E+01  +Infinity
  0.20999999E+01  0.55000000E+01 -0.59672351E+00
  0.20999999E+01  0.55500002E+01  +Infinity
  0.20999999E+01  0.55999999E+01  +Infinity
  0.20999999E+01  0.56500001E+01 -0.10514784E+01
  0.20999999E+01  0.56999998E+01  +Infinity
  0.20999999E+01  0.57500000E+01 -0.17365378E+01
  0.20999999E+01  0.58000002E+01 -0.24376659E+01
  0.20999999E+01  0.58499999E+01 -0.24376659E+01
  0.20999999E+01  0.59000001E+01 -0.97310422E-01
  0.20999999E+01  0.59499998E+01  +Infinity
  0.20999999E+01  0.60000000E+01  +Infinity
  0.20999999E+01  0.60500002E+01  +Infinity
  0.20999999E+01  0.60999999E+01  +Infinity
  0.20999999E+01  0.61500001E+01  +Infinity
  0.20999999E+01  0.61999998E+01  +Infinity
  0.20999999E+01  0.62500000E+01  +Infinity
  0.20999999E+01  0.63000002E+01  +Infinity
  0.20999999E+01  0.63499999E+01  +Infinity
  0.20999999E+01  0.64000001E+01  +Infinity
  0.20999999E+01  0.64499998E+01  +Infinity
  0.20999999E+01  0.65000000E+01  +Infinity
  0.20999999E+01  0.65500002E+01  +Infinity
  0.20999999E+01  0.65999999E+01  +Infinity
  0.20999999E+01  0.66500001E+01  +Infinity
  0.20999999E+01  0.66999998E+01  +Infinity
  0.20999999E+01  0.67500000E+01  +Infinity
  0.20999999E+01  0.68000002E+01  +Infinity
  0.20999999E+01  0.68499999E+01  +Infinity
  0.20999999E+01  0.69000001E+01  +Infinity
  0.20999999E+01  0.69499998E+01  +Infinity
  0.20999999E+01  0.70000000E+01  +Infinity
  0.20999999E+01  0.70500002E+01  +Infinity
  0.20999999E+01  0.70999999E+01  +Infinity
  0.20999999E+01  0.71500001E+01  +Infinity
  0.20999999E+01  0.71999998E+01  +Infinity
  0.20999999E+01  0.72500000E+01  +Infinity
  0.20999999E+01  0.73000002E+01  +Infinity
  0.20999999E+01  0.73499999E+01  +Infinity
  0.20999999E+01  0.74000001E+01  +Infinity
  0.20999999E+01  0.74499998E+01  +Infinity
  0.20999999E+01  0.75000000E+01  +Infinity
  0.20999999E+01  0.75500002E+01  +Infinity
  0.20999999E+01  0.75999999E+01  +Infinity
  0.20999999E+01  0.76500001E+01  +Infinity
  0.20999999E+01  0.76999998E+01  +Infinity
  0.20999999E+01  0.77500000E+01  +Infinity
  0.20999999E+01  0.78000002E+01  +Infinity
  0.20999999E+01  0.78499999E+01  +Infinity
  0.20999999E+01  0.79000001E+01  +Infinity
  0.20999999E+01  0.79499998E+01  +Infinity
  0.20999999E+01  0.80000000E+01  +Infinity

  0.22000000E+01  0.10000000E+01  +Infinity
  0.22000000E+01  0.10500000E+01  +Infinity
  0.22000000E+01  0.11000000E+01  +Infinity
  0.22000000E+01  0.11500000E+01  +Infinity
  0.22000000E+01  0.12000000E+01  +Infinity
  0.22000000E+01  0.12500000E+01  +Infinity
  0.22000000E+01  0.13000000E+01  +Infinity
  0.22000000E+01  0.13500000E+01  +Infinity
  0.22000000E+01  0.14000000E+01  +Infinity
  0.22000000E+01  0.14500000E+01  +Infinity
  0.22000000E+01  0.15000000E+01  +Infinity
  0.22000000E+01  0.15500000E+01  +Infinity
  0.22000000E+01  0.16000000E+01  +Infinity
  0.22000000E+01  0.16500000E+01  +Infinity
  0.22000000E+01  0.17000000E+01  +Infinity
  0.22000000E+01  0.17500000E+01  +Infinity
  0.22000000E+01  0.18000000E+01  +Infinity
  0.22000000E+01  0.18500000E+01  +Infinity
  0.22000000E+01  0.19000000E+01  +Infinity
  0.22000000E+01  0.19500000E+01  +Infinity
  0.22000000E+01  0.20000000E+01  +Infinity
  0.22000000E+01  0.20500000E+01  +Infinity
  0.22000000E+01  0.20999999E+01  +Infinity
  0.22000000E+01  0.21500001E+01  +Infinity
  0.22000000E+01  0.22000000E+01  +Infinity
  0.22000000E+01  0.22500000E+01  +Infinity
  0.22000000E+01  0.23000000E+01  +Infinity
  0.22000000E+01  0.23499999E+01  +Infinity
  0.22000000E+01  0.24000001E+01  +Infinity
  0.22000000E+01  0.24500000E+01  +Infinity
  0.22000000E+01  0.25000000E+01  +Infinity
  0.22000000E+01  0.25500000E+01  +Infinity
  0.22000000E+01  0.25999999E+01  +Infinity
  0.22000000E+01  0.26500001E+01  +Infinity
  0.22000000E+01  0.27000000E+01  +Infinity
  0.22000000E+01  0.27500000E+01  +Infinity
  0.22000000E+01  0.28000000E+01  +Infinity
  0.22000000E+01  0.28499999E+01  +Infinity
  0.22000000E+01  0.29000001E+01  +Infinity
  0.22000000E+01  0.29500000E+01  +Infinity
  0.22000000E+01  0.30000000E+01  +Infinity
  0.22000000E+01  0.30500000E+01  +Infinity
  0.22000000E+01  0.30999999E+01  +Infinity
  0.22000000E+01  0.31500001E+01  +Infinity
  0.22000000E+01  0.32000000E+01 -0.21265495E+00
  0.22000000E+01  0.32500000E+01  +Infinity
  0.22000000E+01  0.33000000E+01  +Infinity
  0.22000000E+01  0.33499999E+01  +Infinity
  0.22000000E+01  0.34000001E+01 -0.52055164E+00
  0.22000000E+01  0.34500000E+01 -0.24499725E+01
  0.22000000E+01  0.35000000E+01 -0.35849742E+01
  0.22000000E+01  0.35500000E+01 -0.37911593E+01
  0.22000000E+01  0.35999999E+01 -0.35936724E+01
  0.22000000E+01  0.36500001E+01 -0.37008866E+01
  0.22000000E+01  0.37000000E+01 -0.37468446E+01
  0.22000000E+01  0.37500000E+01 -0.31794836E+01
  0.22000000E+01  0.38000000E+01 -0.99384806E+00
  0.22000000E+01  0.38499999E+01 -0.65974306E+00
  0.22000000E+01  0.39000001E+01 -0.23363871E+01
  0.22000000E+01  0.39500000E+01 -0.29212242E+01
  0.22000000E+01  0.40000000E+01 -0.37131835E+01
  0.22000000E+01  0.40500002E+01 -0.31257214E+01
  0.22000000E+01  0.40999999E+01 -0.20833842E+01
  0.22000000E+01  0.41500001E+01 -0.95392799E+00
  0.22000000E+01  0.41999998E+01  +Infinity
  0.22000000E+01  0.42500000E+01  +Infinity
  0.22000000E+01  0.43000002E+01  +Infinity
  0.22000000E+01  0.43499999E+01  +Infinity
  0.22000000E+01  0.44000001E+01  +Infinity
  0.22000000E+01  0.44499998E+01  +Infinity
  0.22000000E+01  0.45000000E+01  +Infinity
  0.22000000E+01  0.45500002E+01  +Infinity
  0.22000000E+01  0.45999999E+01  +Infinity
  0.22000000E+01  0.46500001E+01 -0.12957611E+01
  0.22000000E+01  0.46999998E+01 -0.13859863E+01
  0.22000000E+01  0.47500000E+01 -0.24916739E+01
  0.22000000E+01  0.48000002E+01 -0.33037991E+01
  0.22000000E+01  0.48499999E+01 -0.40892243E+01
  0.22000000E+01  0.49000001E+01 -0.34461222E+01
  0.22000000E+01  0.49499998E+01 -0.39082342E+01
  0.22000000E+01  0.50000000E+01 -0.38371670E+01
  0.22000000E+01  0.50500002E+01 -0.26853500E+01
  0.22000000E+01  0.50999999E+01 -0.17244973E+01
  0.22000000E+01  0.51500001E+01 -0.12277698E+01
  0.22000000E+01  0.51999998E+01  +Infinity
  0.22000000E+01  0.52500000E+01  +Infinity
  0.22000000E+01  0.53000002E+01  +Infinity
  0.22000000E+01  0.53499999E+01  +Infinity
  0.22000000E+01  0.54000001E+01  +Infinity
  0.22000000E+01  0.54499998E+01  +Infinity
  0.22000000E+01  0.55000000E+01  +Infinity
  0.22000000E+01  0.55500002E+01  +Infinity
  0.22000000E+01  0.55999999E+01  +Infinity
  0.22000000E+01  0.56500001E+01 -0.50797436E+00
  0.22000000E+01  0.56999998E+01 -0.11585066E+01
  0.22000000E+01  0.57500000E+01 -0.49848888E+00
  0.22000000E+01  0.58000002E+01  +Infinity
  0.22000000E+01  0.58499999E+01  +Infinity
  0.22000000E+01  0.59000001E+01  +Infinity
  0.22000000E+01  0.59499998E+01  +Infinity
  0.22000000E+01  0.60000000E+01  +Infinity
  0.22000000E+01  0.60500002E+01  +Infinity
  0.22000000E+01  0.60999999E+01  +Infinity
  0.22000000E+01  0.61500001E+01  +Infinity
  0.22000000E+01  0.61999998E+01  +Infinity
  0.22000000E+01  0.62500000E+01  +Infinity
  0.22000000E+01  0.63000002E+01  +Infinity
  0.22000000E+01  0.63499999E+01  +Infinity
  0.22000000E+01  0.64000001E+01  +Infinity
  0.22000000E+01  0.64499998E+01  +Infinity
  0.22000000E+01  0.65000000E+01  +Infinity
  0.22000000E+01  0.65500002E+01  +Infinity
  0.22000000E+01  0.65999999E+01  +Infinity
  0.22000000E+01  0.66500001E+01  +Infinity
  0.22000000E+01  0.66999998E+01  +Infinity
  0.22000000E+01  0.67500000E+01  +Infinity
  0.22000000E+01  0.68000002E+01  +Infinity
  0.22000000E+01  0.68499999E+01  +Infinity
  0.22000000E+01  0.69000001E+01  +Infinity
  0.22000000E+01  0.69499998E+01  +Infinity
  0.22000000E+01  0.70000000E+01  +Infinity
  0.22000000E+01  0.70500002E+01  +Infinity
  0.22000000E+01  0.70999999E+01  +Infinity
  0.22000000E+01  0.71500001E+01  +Infinity
  0.22000000E+01  0.71999998E+01  +Infinity
  0.22000000E+01  0.72500000E+01  +Infinity
  0.22000000E+01  0.73000002E+01  +Infinity
  0.22000000E+01  0.73499999E+01  +Infinity
  0.22000000E+01  0.74000001E+01  +Infinity
  0.22000000E+01  0.74499998E+01  +Infinity
  0.22000000E+01  0.75000000E+01  +Infinity
  0.22000000E+01  0.75500002E+01  +Infinity
  0.22000000E+01  0.75999999E+01  +Infinity
  0.22000000E+01  0.76500001E+01  +Infinity
  0.22000000E+01  0.76999998E+01  +Infinity
  0.22000000E+01  0.77500000E+01  +Infinity
  0.22000000E+01  0.78000002E+01  +Infinity
  0.22000000E+01  0.78499999E+01  +Infinity
  0.22000000E+01  0.79000001E+01  +Infinity
  0.22000000E+01  0.79499998E+01  +Infinity
  0.22000000E+01  0.80000000E+01  +Infinity

  0.23000000E+01  0.10000000E+01  +Infinity
  0.23000000E+01  0.10500000E+01  +Infinity
  0.23000000E+01  0.11000000E+01  +Infinity
  0.23000000E+01  0.11500000E+01  +Infinity
  0.23000000E+01  0.12000000E+01  +Infinity
  0.23000000E+01  0.12500000E+01  +Infinity
  0.23000000E+01  0.13000000E+01  +Infinity
  0.23000000E+01  0.13500000E+01  +Infinity
  0.23000000E+01  0.14000000E+01  +Infinity
  0.23000000E+01  0.14500000E+01  +Infinity
  0.23000000E+01  0.15000000E+01  +Infinity
  0.23000000E+01  0.15500000E+01  +Infinity
  0.23000000E+01  0.16000000E+01  +Infinity
  0.23000000E+01  0.16500000E+01  +Infinity
  0.23000000E+01  0.17000000E+01  +Infinity
  0.23000000E+01  0.17500000E+01  +Infinity
  0.23000000E+01  0.18000000E+01  +Infinity
  0.23000000E+01  0.18500000E+01  +Infinity
  0.23000000E+01  0.19000000E+01  +Infinity
  0.23000000E+01  0.19500000E+01  +Infinity
  0.23000000E+01  0.20000000E+01  +Infinity
  0.23000000E+01  0.20500000E+01  +Infinity
  0.23000000E+01  0.20999999E+01  +Infinity
  0.23000000E+01  0.21500001E+01  +Infinity
  0.23000000E+01  0.22000000E+01  +Infinity
  0.23000000E+01  0.22500000E+01  +Infinity
  0.23000000E+01  0.23000000E+01  +Infinity
  0.23000000E+01  0.23499999E+01  +Infinity
  0.23000000E+01  0.24000001E+01  +Infinity
  0.23000000E+01  0.24500000E+01  +Infinity
  0.23000000E+01  0.25000000E+01  +Infinity
  0.23000000E+01  0.25500000E+01  +Infinity
  0.23000000E+01  0.25999999E+01  +Infinity
  0.23000000E+01  0.26500001E+01  +Infinity
  0.23000000E+01  0.27000000E+01  +Infinity
  0.23000000E+01  0.27500000E+01  +Infinity
  0.23000000E+01  0.28000000E+01  +Infinity
  0.23000000E+01  0.28499999E+01  +Infinity
  0.23000000E+01  0.29000001E+01  +Infinity
  0.23000000E+01  0.29500000E+01  +Infinity
  0.23000000E+01  0.30000000E+01  +Infinity
  0.23000000E+01  0.30500000E+01  +Infinity
  0.23000000E+01  0.30999999E+01  +Infinity
  0.23000000E+01  0.31500001E+01  +Infinity
  0.23000000E+01  0.32000000E+01  +Infinity
  0.23000000E+01  0.32500000E+01  +Infinity
  0.23000000E+01  0.33000000E+01  +Infinity
  0.23000000E+01  0.33499999E+01  +Infinity
  0.23000000E+01  0.34000001E+01  +Infinity
  0.23000000E+01  0.34500000E+01 -0.86406239E+00
  0.23000000E+01  0.35000000E+01 -0.95812142E+00
  0.23000000E+01  0.35500000E+01 -0.67233117E+00
  0.23000000E+01  0.35999999E+01 -0.15149713E+01
  0.23000000E+01  0.36500001E+01 -0.17758752E+01
  0.23000000E+01  0.37000000E+01 -0.95774487E+00
  0.23000000E+01  0.37500000E+01 -0.27944197E+00
  0.23000000E+01  0.38000000E+01  +Infinity
  0.23000000E+01  0.38499999E+01 -0.53277355E+00
  0.23000000E+01  0.39000001E+01 -0.98058440E+00
  0.23000000E+01  0.39500000E+01 -0.13492132E+01
  0.23000000E+01  0.40000000E+01 -0.12985006E+00
  0.23000000E+01  0.40500002E+01  +Infinity
  0.23000000E+01  0.40999999E+01  +Infinity
  0.23000000E+01  0.41500001E+01  +Infinity
  0.23000000E+01  0.41999998E+01  +Infinity
  0.23000000E+01  0.42500000E+01  +Infinity
  0.23000000E+01  0.43000002E+01  +Infinity
  0.23000000E+01  0.43499999E+01  +Infinity
  0.23000000E+01  0.44000001E+01  +Infinity
  0.23000000E+01  0.44499998E+01  +Infinity
  0.23000000E+01  0.45000000E+01  +Infinity
  0.23000000E+01  0.45500002E+01  +Infinity
  0.23000000E+01  0.45999999E+01  +Infinity
  0.23000000E+01  0.46500001E+01 -0.13669266E+00
  0.23000000E+01  0.46999998E+01 -0.90740425E+00
  0.23000000E+01  0.47500000E+01 -0.17153337E+01
  0.23000000E+01  0.48000002E+01 -0.13196156E+01
  0.23000000E+01  0.48499999E+01 -0.13265091E+01
  0.23000000E+01  0.49000001E+01 -0.16069764E+01
  0.23000000E+01  0.49499998E+01 -0.76592343E-01
  0.23000000E+01  0.50000000E+01  +Infinity
  0.23000000E+01  0.50500002E+01  +Infinity
  0.23000000E+01  0.50999999E+01  +Infinity
  0.23000000E+01  0.51500001E+01  +Infinity
  0.23000000E+01  0.51999998E+01  +Infinity
  0.23000000E+01  0.52500000E+01  +Infinity
  0.23000000E+01  0.53000002E+01  +Infinity
  0.23000000E+01  0.53499999E+01  +Infinity
  0.23000000E+01  0.54000001E+01  +Infinity
  0.23000000E+01  0.54499998E+01  +Infinity
  0.23000000E+01  0.55000000E+01  +Infinity
  0.23000000E+01  0.55500002E+01  +Infinity
  0.23000000E+01  0.55999999E+01  +Infinity
  0.23000000E+01  0.56500001E+01  +Infinity
  0.23000000E+01  0.56999998E+01  +Infinity
  0.23000000E+01  0.57500000E+01  +Infinity
  0.23000000E+01  0.58000002E+01  +Infinity
  0.23000000E+01  0.58499999E+01  +Infinity
  0.23000000E+01  0.59000001E+01  +Infinity
  0.23000000E+01  0.59499998E+01  +Infinity
  0.23000000E+01  0.60000000E+01  +Infinity
  0.23000000E+01  0.60500002E+01  +Infinity
  0.23000000E+01  0.60999999E+01  +Infinity
  0.23000000E+01  0.61500001E+01  +Infinity
  0.23000000E+01  0.61999998E+01  +Infinity
  0.23000000E+01  0.62500000E+01  +Infinity
  0.23000000E+01  0.63000002E+01  +Infinity
  0.23000000E+01  0.63499999E+01  +Infinity
  0.23000000E+01  0.64000001E+01  +Infinity
  0.23000000E+01  0.64499998E+01  +Infinity
  0.23000000E+01  0.65000000E+01  +Infinity
  0.23000000E+01  0.65500002E+01  +Infinity
  0.23000000E+01  0.65999999E+01  +Infinity
  0.23000000E+01  0.66500001E+01  +Infinity
  0.23000000E+01  0.66999998E+01  +Infinity
  0.23000000E+01  0.67500000E+01  +Infinity
  0.23000000E+01  0.68000002E+01  +Infinity
  0.23000000E+01  0.68499999E+01  +Infinity
  0.23000000E+01  0.69000001E+01  +Infinity
  0.23000000E+01  0.69499998E+01  +Infinity
  0.23000000E+01  0.70000000E+01  +Infinity
  0.23000000E+01  0.70500002E+01  +Infinity
  0.23000000E+01  0.70999999E+01  +Infinity
  0.23000000E+01  0.71500001E+01  +Infinity
  0.23000000E+01  0.71999998E+01  +Infinity
  0.23000000E+01  0.72500000E+01  +Infinity
  0.23000000E+01  0.73000002E+01  +Infinity
  0.23000000E+01  0.73499999E+01  +Infinity
  0.23000000E+01  0.74000001E+01  +Infinity
  0.23000000E+01  0.74499998E+01  +Infinity
  0.23000000E+01  0.75000000E+01  +Infinity
  0.23000000E+01  0.75500002E+01  +Infinity
  0.23000000E+01  0.75999999E+01  +Infinity
  0.23000000E+01  0.76500001E+01  +Infinity
  0.23000000E+01  0.76999998E+01  +Infinity
  0.23000000E+01  0.77500000E+01  +Infinity
  0.23000000E+01  0.78000002E+01  +Infinity
  0.23000000E+01  0.78499999E+01  +Infinity
  0.23000000E+01  0.79000001E+01  +Infinity
  0.23000000E+01  0.79499998E+01  +Infinity
  0.23000000E+01  0.80000000E+01  +Infinity

  0.24000001E+01  0.10000000E+01  +Infinity
  0.24000001E+01  0.10500000E+01  +Infinity
  0.24000001E+01  0.11000000E+01  +Infinity
  0.24000001E+01  0.11500000E+01  +Infinity
  0.24000001E+01  0.12000000E+01  +Infinity
  0.24000001E+01  0.12500000E+01  +Infinity
  0.24000001E+01  0.13000000E+01  +Infinity
  0.24000001E+01  0.13500000E+01  +Infinity
  0.24000001E+01  0.14000000E+01  +Infinity
  0.24000001E+01  0.14500000E+01  +Infinity
  0.24000001E+01  0.15000000E+01  +Infinity
  0.24000001E+01  0.15500000E+01  +Infinity
  0.24000001E+01  0.16000000E+01  +Infinity
  0.24000001E+01  0.16500000E+01  +Infinity
  0.24000001E+01  0.17000000E+01  +Infinity
  0.24000001E+01  0.17500000E+01  +Infinity
  0.24000001E+01  0.18000000E+01  +Infinity
  0.24000001E+01  0.18500000E+01  +Infinity
  0.24000001E+01  0.19000000E+01  +Infinity
  0.24000001E+01  0.19500000E+01  +Infinity
  0.24000001E+01  0.20000000E+01  +Infinity
  0.24000001E+01  0.20500000E+01 -0.18182636E+01
  0.24000001E+01  0.20999999E+01 -0.34087943E+01
  0.24000001E+01  0.21500001E+01 -0.32014384E+01
  0.24000001E+01  0.22000000E+01 -0.32771685E+01
  0.24000001E+01  0.22500000E+01 -0.29740508E+01
  0.24000001E+01  0.23000000E+01 -0.25306547E+01
  0.24000001E+01  0.23499999E+01 -0.21623630E+01
  0.24000001E+01  0.24000001E+01 -0.12157173E+01
  0.24000001E+01  0.24500000E+01 -0.12885317E+01
  0.24000001E+01  0.25000000E+01 -0.14408998E+01
  0.24000001E+01  0.25500000E+01 -0.16706219E+01
  0.24000001E+01  0.25999999E+01 -0.28352542E+00
  0.24000001E+01  0.26500001E+01  +Infinity
  0.24000001E+01  0.27000000E+01  +Infinity
  0.24000001E+01  0.27500000E+01  +Infinity
  0.24000001E+01  0.28000000E+01  +Infinity
  0.24000001E+01  0.28499999E+01  +Infinity
  0.24000001E+01  0.29000001E+01  +Infinity
  0.24000001E+01  0.29500000E+01  +Infinity
  0.24000001E+01  0.30000000E+01  +Infinity
  0.24000001E+01  0.30500000E+01  +Infinity
  0.24000001E+01  0.30999999E+01  +Infinity
  0.24000001E+01  0.31500001E+01  +Infinity
  0.24000001E+01  0.32000000E+01  +Infinity
  0.24000001E+01  0.32500000E+01  +Infinity
  0.24000001E+01  0.33000000E+01  +Infinity
  0.24000001E+01  0.33499999E+01  +Infinity
  0.24000001E+01  0.34000001E+01  +Infinity
  0.24000001E+01  0.34500000E+01  +Infinity
  0.24000001E+01  0.35000000E+01  +Infinity
  0.24000001E+01  0.35500000E+01  +Infinity
  0.24000001E+01  0.35999999E+01  +Infinity
  0.24000001E+01  0.36500001E+01  +Infinity
  0.24000001E+01  0.37000000E+01  +Infinity
  0.24000001E+01  0.37500000E+01  +Infinity
  0.24000001E+01  0.38000000E+01  +Infinity
  0.24000001E+01  0.38499999E+01  +Infinity
  0.24000001E+01  0.39000001E+01  +Infinity
  0.24000001E+01  0.39500000E+01  +Infinity
  0.24000001E+01  0.40000000E+01  +Infinity
  0.24000001E+01  0.40500002E+01  +Infinity
  0.24000001E+01  0.40999999E+01  +Infinity
  0.24000001E+01  0.41500001E+01  +Infinity
  0.24000001E+01  0.41999998E+01  +Infinity
  0.24000001E+01  0.42500000E+01  +Infinity
  0.24000001E+01  0.43000002E+01  +Infinity
  0.24000001E+01  0.43499999E+01  +Infinity
  0.24000001E+01  0.44000001E+01  +Infinity
  0.24000001E+01  0.44499998E+01  +Infinity
  0.24000001E+01  0.45000000E+01  +Infinity
  0.24000001E+01  0.45500002E+01  +Infinity
  0.24000001E+01  0.45999999E+01  +Infinity
  0.24000001E+01  0.46500001E+01  +Infinity
  0.24000001E+01  0.46999998E+01  +Infinity
  0.24000001E+01  0.47500000E+01  +Infinity
  0.24000001E+01  0.48000002E+01  +Infinity
  0.24000001E+01  0.48499999E+01  +Infinity
  0.24000001E+01  0.49000001E+01  +Infinity
  0.24000001E+01  0.49499998E+01  +Infinity
  0.24000001E+01  0.50000000E+01  +Infinity
  0.24000001E+01  0.50500002E+01  +Infinity
  0.24000001E+01  0.50999999E+01  +Infinity
  0.24000001E+01  0.51500001E+01  +Infinity
  0.24000001E+01  0.51999998E+01  +Infinity
  0.24000001E+01  0.52500000E+01  +Infinity
  0.24000001E+01  0.53000002E+01  +Infinity
  0.24000001E+01  0.53499999E+01  +Infinity
  0.24000001E+01  0.54000001E+01  +Infinity
  0.24000001E+01  0.54499998E+01  +Infinity
  0.24000001E+01  0.55000000E+01  +Infinity
  0.24000001E+01  0.55500002E+01  +Infinity
  0.24000001E+01  0.55999999E+01  +Infinity
  0.24000001E+01  0.56500001E+01  +Infinity
  0.24000001E+01  0.56999998E+01  +Infinity
  0.24000001E+01  0.57500000E+01  +Infinity
  0.24000001E+01  0.58000002E+01  +Infinity
  0.24000001E+01  0.58499999E+01  +Infinity
  0.24000001E+01  0.59000001E+01  +Infinity
  0.24000001E+01  0.59499998E+01  +Infinity
  0.24000001E+01  0.60000000E+01  +Infinity
  0.24000001E+01  0.60500002E+01  +Infinity
  0.24000001E+01  0.60999999E+01  +Infinity
  0.24000001E+01  0.61500001E+01  +Infinity
  0.24000001E+01  0.61999998E+01  +Infinity
  0.24000001E+01  0.62500000E+01  +Infinity
  0.24000001E+01  0.63000002E+01  +Infinity
  0.24000001E+01  0.63499999E+01  +Infinity
  0.24000001E+01  0.64000001E+01  +Infinity
  0.24000001E+01  0.64499998E+01  +Infinity
  0.24000001E+01  0.65000000E+01  +Infinity
  0.24000001E+01  0.65500002E+01  +Infinity
  0.24000001E+01  0.65999999E+01  +Infinity
  0.24000001E+01  0.66500001E+01  +Infinity
  0.24000001E+01  0.66999998E+01  +Infinity
  0.24000001E+01  0.67500000E+01  +Infinity
  0.24000001E+01  0.68000002E+01  +Infinity
  0.24000001E+01  0.68499999E+01  +Infinity
  0.24000001E+01  0.69000001E+01  +Infinity
  0.24000001E+01  0.69499998E+01  +Infinity
  0.24000001E+01  0.70000000E+01  +Infinity
  0.24000001E+01  0.70500002E+01  +Infinity
  0.24000001E+01  0.70999999E+01  +Infinity
  0.24000001E+01  0.71500001E+01  +Infinity
  0.24000001E+01  0.71999998E+01  +Infinity
  0.24000001E+01  0.72500000E+01  +Infinity
  0.24000001E+01  0.73000002E+01  +Infinity
  0.24000001E+01  0.73499999E+01  +Infinity
  0.24000001E+01  0.74000001E+01  +Infinity
  0.24000001E+01  0.74499998E+01  +Infinity
  0.24000001E+01  0.75000000E+01  +Infinity
  0.24000001E+01  0.75500002E+01  +Infinity
  0.24000001E+01  0.75999999E+01  +Infinity
  0.24000001E+01  0.76500001E+01  +Infinity
  0.24000001E+01  0.76999998E+01  +Infinity
  0.24000001E+01  0.77500000E+01  +Infinity
  0.24000001E+01  0.78000002E+01  +Infinity
  0.24000001E+01  0.78499999E+01  +Infinity
  0.24000001E+01  0.79000001E+01  +Infinity
  0.24000001E+01  0.79499998E+01  +Infinity
  0.24000001E+01  0.80000000E+01  +Infinity

  0.25000000E+01  0.10000000E+01  +Infinity
  0.25000000E+01  0.10500000E+01  +Infinity
  0.25000000E+01  0.11000000E+01  +Infinity
  0.25000000E+01  0.11500000E+01  +Infinity
  0.25000000E+01  0.12000000E+01  +Infinity
  0.25000000E+01  0.12500000E+01  +Infinity
  0.25000000E+01  0.13000000E+01  +Infinity
  0.25000000E+01  0.13500000E+01  +Infinity
  0.25000000E+01  0.14000000E+01  +Infinity
  0.25000000E+01  0.14500000E+01  +Infinity
  0.25000000E+01  0.15000000E+01  +Infinity
  0.25000000E+01  0.15500000E+01  +Infinity
  0.25000000E+01  0.16000000E+01  +Infinity
  0.25000000E+01  0.16500000E+01  +Infinity
  0.25000000E+01  0.17000000E+01  +Infinity
  0.25000000E+01  0.17500000E+01  +Infinity
  0.25000000E+01  0.18000000E+01  +Infinity
  0.25000000E+01  0.18500000E+01  +Infinity
  0.25000000E+01  0.19000000E+01 -0.21504756E+01
  0.25000000E+01  0.19500000E+01 -0.49050577E+01
  0.25000000E+01  0.20000000E+01 -0.66171917E+01
  0.25000000E+01  0.20500000E+01 -0.68635852E+01
  0.25000000E+01  0.20999999E+01 -0.70067570E+01
  0.25000000E+01  0.21500001E+01 -0.70243528E+01
  0.25000000E+01  0.22000000E+01 -0.63333869E+01
  0.25000000E+01  0.22500000E+01 -0.53067512E+01
  0.25000000E+01  0.23000000E+01 -0.34143781E+01
  0.25000000E+01  0.23499999E+01 -0.34234314E+01
  0.25000000E+01  0.24000001E+01 -0.25743140E+01
  0.25000000E+01  0.24500000E+01 -0.23510445E+01
  0.25000000E+01  0.25000000E+01 -0.11864757E+01
  0.25000000E+01  0.25500000E+01 -0.10975081E+01
  0.25000000E+01  0.25999999E+01 -0.23640867E+00
  0.25000000E+01  0.26500001E+01  +Infinity
  0.25000000E+01  0.27000000E+01  +Infinity
  0.25000000E+01  0.27500000E+01  +Infinity
  0.25000000E+01  0.28000000E+01  +Infinity
  0.25000000E+01  0.28499999E+01  +Infinity
  0.25000000E+01  0.29000001E+01  +Infinity
  0.25000000E+01  0.29500000E+01  +Infinity
  0.25000000E+01  0.30000000E+01  +Infinity
  0.25000000E+01  0.30500000E+01  +Infinity
  0.25000000E+01  0.30999999E+01  +Infinity
  0.25000000E+01  0.31500001E+01  +Infinity
  0.25000000E+01  0.32000000E+01  +Infinity
  0.25000000E+01  0.32500000E+01  +Infinity
  0.25000000E+01  0.33000000E+01  +Infinity
  0.25000000E+01  0.33499999E+01  +Infinity
  0.25000000E+01  0.34000001E+01  +Infinity
  0.25000000E+01  0.34500000E+01  +Infinity
  0.25000000E+01  0.35000000E+01  +Infinity
  0.25000000E+01  0.35500000E+01  +Infinity
  0.25000000E+01  0.35999999E+01  +Infinity
  0.25000000E+01  0.36500001E+01  +Infinity
  0.25000000E+01  0.37000000E+01  +Infinity
  0.25000000E+01  0.37500000E+01  +Infinity
  0.25000000E+01  0.38000000E+01  +Infinity
  0.25000000E+01  0.38499999E+01  +Infinity
  0.25000000E+01  0.39000001E+01  +Infinity
  0.25000000E+01  0.39500000E+01  +Infinity
  0.25000000E+01  0.40000000E+01  +Infinity
  0.25000000E+01  0.40500002E+01  +Infinity
  0.25000000E+01  0.40999999E+01  +Infinity
  0.25000000E+01  0.41500001E+01  +Infinity
  0.25000000E+01  0.41999998E+01  +Infinity
  0.25000000E+01  0.42500000E+01  +Infinity
  0.25000000E+01  0.43000002E+01  +Infinity
  0.25000000E+01  0.43499999E+01  +Infinity
  0.25000000E+01  0.44000001E+01  +Infinity
  0.25000000E+01  0.44499998E+01  +Infinity
  0.25000000E+01  0.45000000E+01  +Infinity
  0.25000000E+01  0.45500002E+01  +Infinity
  0.25000000E+01  0.45999999E+01  +Infinity
  0.25000000E+01  0.46500001E+01  +Infinity
  0.25000000E+01  0.46999998E+01  +Infinity
  0.25000000E+01  0.47500000E+01  +Infinity
  0.25000000E+01  0.48000002E+01  +Infinity
  0.25000000E+01  0.48499999E+01  +Infinity
  0.25000000E+01  0.49000001E+01  +Infinity
  0.25000000E+01  0.49499998E+01  +Infinity
  0.25000000E+01  0.50000000E+01  +Infinity
  0.25000000E+01  0.50500002E+01  +Infinity
  0.25000000E+01  0.50999999E+01  +Infinity
  0.25000000E+01  0.51500001E+01  +Infinity
  0.25000000E+01  0.51999998E+01  +Infinity
  0.25000000E+01  0.52500000E+01  +Infinity
  0.25000000E+01  0.53000002E+01  +Infinity
  0.25000000E+01  0.53499999E+01  +Infinity
  0.25000000E+01  0.54000001E+01  +Infinity
  0.25000000E+01  0.54499998E+01  +Infinity
  0.25000000E+01  0.55000000E+01  +Infinity
  0.25000000E+01  0.55500002E+01  +Infinity
  0.25000000E+01  0.55999999E+01  +Infinity
  0.25000000E+01  0.56500001E+01  +Infinity
  0.25000000E+01  0.56999998E+01  +Infinity
  0.25000000E+01  0.57500000E+01  +Infinity
  0.25000000E+01  0.58000002E+01  +Infinity
  0.25000000E+01  0.58499999E+01  +Infinity
  0.25000000E+01  0.59000001E+01  +Infinity
  0.25000000E+01  0.59499998E+01  +Infinity
  0.25000000E+01  0.60000000E+01  +Infinity
  0.25000000E+01  0.60500002E+01  +Infinity
  0.25000000E+01  0.60999999E+01  +Infinity
  0.25000000E+01  0.61500001E+01  +Infinity
  0.25000000E+01  0.61999998E+01  +Infinity
  0.25000000E+01  0.62500000E+01  +Infinity
  0.25000000E+01  0.63000002E+01  +Infinity
  0.25000000E+01  0.63499999E+01  +Infinity
  0.25000000E+01  0.64000001E+01  +Infinity
  0.25000000E+01  0.64499998E+01  +Infinity
  0.25000000E+01  0.65000000E+01  +Infinity
  0.25000000E+01  0.65500002E+01  +Infinity
  0.25000000E+01  0.65999999E+01  +Infinity
  0.25000000E+01  0.66500001E+01  +Infinity
  0.25000000E+01  0.66999998E+01  +Infinity
  0.25000000E+01  0.67500000E+01  +Infinity
  0.25000000E+01  0.68000002E+01  +Infinity
  0.25000000E+01  0.68499999E+01  +Infinity
  0.25000000E+01  0.69000001E+01  +Infinity
  0.25000000E+01  0.69499998E+01  +Infinity
  0.25000000E+01  0.70000000E+01  +Infinity
  0.25000000E+01  0.70500002E+01  +Infinity
  0.25000000E+01  0.70999999E+01  +Infinity
  0.25000000E+01  0.71500001E+01  +Infinity
  0.25000000E+01  0.71999998E+01  +Infinity
  0.25000000E+01  0.72500000E+01  +Infinity
  0.25000000E+01  0.73000002E+01  +Infinity
  0.25000000E+01  0.73499999E+01  +Infinity
  0.25000000E+01  0.74000001E+01  +Infinity
  0.25000000E+01  0.74499998E+01  +Infinity
  0.25000000E+01  0.75000000E+01  +Infinity
  0.25000000E+01  0.75500002E+01  +Infinity
  0.25000000E+01  0.75999999E+01  +Infinity
  0.25000000E+01  0.76500001E+01  +Infinity
  0.25000000E+01  0.76999998E+01  +Infinity
  0.25000000E+01  0.77500000E+01  +Infinity
  0.25000000E+01  0.78000002E+01  +Infinity
  0.25000000E+01  0.78499999E+01  +Infinity
  0.25000000E+01  0.79000001E+01  +Infinity
  0.25000000E+01  0.79499998E+01  +Infinity
  0.25000000E+01  0.80000000E+01  +Infinity

  0.25999999E+01  0.10000000E+01  +Infinity
  0.25999999E+01  0.10500000E+01  +Infinity
  0.25999999E+01  0.11000000E+01  +Infinity
  0.25999999E+01  0.11500000E+01  +Infinity
  0.25999999E+01  0.12000000E+01  +Infinity
  0.25999999E+01  0.12500000E+01  +Infinity
  0.25999999E+01  0.13000000E+01  +Infinity
  0.25999999E+01  0.13500000E+01  +Infinity
  0.25999999E+01  0.14000000E+01  +Infinity
  0.25999999E+01  0.14500000E+01  +Infinity
  0.25999999E+01  0.15000000E+01  +Infinity
  0.25999999E+01  0.15500000E+01  +Infinity
  0.25999999E+01  0.16000000E+01  +Infinity
  0.25999999E+01  0.16500000E+01  +Infinity
  0.25999999E+01  0.17000000E+01  +Infinity
  0.25999999E+01  0.17500000E+01  +Infinity
  0.25999999E+01  0.18000000E+01 -0.12450864E+01
  0.25999999E+01  0.18500000E+01 -0.15782190E+01
  0.25999999E+01  0.19000000E+01 -0.63514424E+01
  0.25999999E+01  0.19500000E+01 -0.85856295E+01
  0.25999999E+01  0.20000000E+01 -0.99808301E+01
  0.25999999E+01  0.20500000E+01 -0.96662257E+01
  0.25999999E+01  0.20999999E+01 -0.95967181E+01
  0.25999999E+01  0.21500001E+01 -0.97756544E+01
  0.25999999E+01  0.22000000E+01 -0.87394646E+01
  0.25999999E+01  0.22500000E+01 -0.80304798E+01
  0.25999999E+01  0.23000000E+01 -0.75185300E+01
  0.25999999E+01  0.23499999E+01 -0.63761641E+01
  0.25999999E+01  0.24000001E+01 -0.53659950E+01
  0.25999999E+01  0.24500000E+01 -0.51840843E+01
  0.25999999E+01  0.25000000E+01 -0.59367279E+01
  0.25999999E+01  0.25500000E+01 -0.43073443E+01
  0.25999999E+01  0.25999999E+01 -0.32765246E+01
  0.25999999E+01  0.26500001E+01 -0.31818779E+01
  0.25999999E+01  0.27000000E+01 -0.89031778E+00
  0.25999999E+01  0.27500000E+01 -0.14933666E+01
  0.25999999E+01  0.28000000E+01  +Infinity
  0.25999999E+01  0.28499999E+01  +Infinity
  0.25999999E+01  0.29000001E+01  +Infinity
  0.25999999E+01  0.29500000E+01  +Infinity
  0.25999999E+01  0.30000000E+01  +Infinity
  0.25999999E+01  0.30500000E+01  +Infinity
  0.25999999E+01  0.30999999E+01  +Infinity
  0.25999999E+01  0.31500001E+01  +Infinity
  0.25999999E+01  0.32000000E+01  +Infinity
  0.25999999E+01  0.32500000E+01  +Infinity
  0.25999999E+01  0.33000000E+01  +Infinity
  0.25999999E+01  0.33499999E+01  +Infinity
  0.25999999E+01  0.34000001E+01  +Infinity
  0.25999999E+01  0.34500000E+01  +Infinity
  0.25999999E+01  0.35000000E+01  +Infinity
  0.25999999E+01  0.35500000E+01  +Infinity
  0.25999999E+01  0.35999999E+01  +Infinity
  0.25999999E+01  0.36500001E+01  +Infinity
  0.25999999E+01  0.37000000E+01  +Infinity
  0.25999999E+01  0.37500000E+01  +Infinity
  0.25999999E+01  0.38000000E+01  +Infinity
  0.25999999E+01  0.38499999E+01  +Infinity
  0.25999999E+01  0.39000001E+01  +Infinity
  0.25999999E+01  0.39500000E+01  +Infinity
  0.25999999E+01  0.40000000E+01  +Infinity
  0.25999999E+01  0.40500002E+01  +Infinity
  0.25999999E+01  0.40999999E+01  +Infinity
  0.25999999E+01  0.41500001E+01  +Infinity
  0.25999999E+01  0.41999998E+01  +Infinity
  0.25999999E+01  0.42500000E+01  +Infinity
  0.25999999E+01  0.43000002E+01  +Infinity
  0.25999999E+01  0.43499999E+01  +Infinity
  0.25999999E+01  0.44000001E+01  +Infinity
  0.25999999E+01  0.44499998E+01  +Infinity
  0.25999999E+01  0.45000000E+01  +Infinity
  0.25999999E+01  0.45500002E+01  +Infinity
  0.25999999E+01  0.45999999E+01  +Infinity
  0.25999999E+01  0.46500001E+01  +Infinity
  0.25999999E+01  0.46999998E+01  +Infinity
  0.25999999E+01  0.47500000E+01  +Infinity
  0.25999999E+01  0.48000002E+01  +Infinity
  0.25999999E+01  0.48499999E+01  +Infinity
  0.25999999E+01  0.49000001E+01  +Infinity
  0.25999999E+01  0.49499998E+01  +Infinity
  0.25999999E+01  0.50000000E+01  +Infinity
  0.25999999E+01  0.50500002E+01  +Infinity
  0.25999999E+01  0.50999999E+01  +Infinity
  0.25999999E+01  0.51500001E+01  +Infinity
  0.25999999E+01  0.51999998E+01  +Infinity
  0.25999999E+01  0.52500000E+01  +Infinity
  0.25999999E+01  0.53000002E+01  +Infinity
  0.25999999E+01  0.53499999E+01  +Infinity
  0.25999999E+01  0.54000001E+01  +Infinity
  0.25999999E+01  0.54499998E+01  +Infinity
  0.25999999E+01  0.55000000E+01  +Infinity
  0.25999999E+01  0.55500002E+01  +Infinity
  0.25999999E+01  0.55999999E+01  +Infinity
  0.25999999E+01  0.56500001E+01  +Infinity
  0.25999999E+01  0.56999998E+01  +Infinity
  0.25999999E+01  0.57500000E+01  +Infinity
  0.25999999E+01  0.58000002E+01  +Infinity
  0.25999999E+01  0.58499999E+01  +Infinity
  0.25999999E+01  0.59000001E+01  +Infinity
  0.25999999E+01  0.59499998E+01  +Infinity
  0.25999999E+01  0.60000000E+01  +Infinity
  0.25999999E+01  0.60500002E+01  +Infinity
  0.25999999E+01  0.60999999E+01  +Infinity
  0.25999999E+01  0.61500001E+01  +Infinity
  0.25999999E+01  0.61999998E+01  +Infinity
  0.25999999E+01  0.62500000E+01  +Infinity
  0.25999999E+01  0.63000002E+01  +Infinity
  0.25999999E+01  0.63499999E+01  +Infinity
  0.25999999E+01  0.64000001E+01  +Infinity
  0.25999999E+01  0.64499998E+01  +Infinity
  0.25999999E+01  0.65000000E+01  +Infinity
  0.25999999E+01  0.65500002E+01  +Infinity
  0.25999999E+01  0.65999999E+01  +Infinity
  0.25999999E+01  0.66500001E+01  +Infinity
  0.25999999E+01  0.66999998E+01  +Infinity
  0.25999999E+01  0.67500000E+01  +Infinity
  0.25999999E+01  0.68000002E+01  +Infinity
  0.25999999E+01  0.68499999E+01  +Infinity
  0.25999999E+01  0.69000001E+01  +Infinity
  0.25999999E+01  0.69499998E+01  +Infinity
  0.25999999E+01  0.70000000E+01  +Infinity
  0.25999999E+01  0.70500002E+01  +Infinity
  0.25999999E+01  0.70999999E+01  +Infinity
  0.25999999E+01  0.71500001E+01  +Infinity
  0.25999999E+01  0.71999998E+01  +Infinity
  0.25999999E+01  0.72500000E+01  +Infinity
  0.25999999E+01  0.73000002E+01  +Infinity
  0.25999999E+01  0.73499999E+01  +Infinity
  0.25999999E+01  0.74000001E+01  +Infinity
  0.25999999E+01  0.74499998E+01  +Infinity
  0.25999999E+01  0.75000000E+01  +Infinity
  0.25999999E+01  0.75500002E+01  +Infinity
  0.25999999E+01  0.75999999E+01  +Infinity
  0.25999999E+01  0.76500001E+01  +Infinity
  0.25999999E+01  0.76999998E+01  +Infinity
  0.25999999E+01  0.77500000E+01  +Infinity
  0.25999999E+01  0.78000002E+01  +Infinity
  0.25999999E+01  0.78499999E+01  +Infinity
  0.25999999E+01  0.79000001E+01  +Infinity
  0.25999999E+01  0.79499998E+01  +Infinity
  0.25999999E+01  0.80000000E+01  +Infinity

  0.28000000E+01  0.10000000E+01  +Infinity
  0.28000000E+01  0.10500000E+01  +Infinity
  0.28000000E+01  0.11000000E+01  +Infinity
  0.28000000E+01  0.11500000E+01  +Infinity
  0.28000000E+01  0.12000000E+01  +Infinity
  0.28000000E+01  0.12500000E+01  +Infinity
  0.28000000E+01  0.13000000E+01  +Infinity
  0.28000000E+01  0.13500000E+01  +Infinity
  0.28000000E+01  0.14000000E+01  +Infinity
  0.28000000E+01  0.14500000E+01  +Infinity
  0.28000000E+01  0.15000000E+01  +Infinity
  0.28000000E+01  0.15500000E+01  +Infinity
  0.28000000E+01  0.16000000E+01  +Infinity
  0.28000000E+01  0.16500000E+01  +Infinity
  0.28000000E+01  0.17000000E+01  +Infinity
  0.28000000E+01  0.17500000E+01 -0.64226909E+01
  0.28000000E+01  0.18000000E+01 -0.75617990E+01
  0.28000000E+01  0.18500000E+01 -0.11677219E+02
  0.28000000E+01  0.19000000E+01 -0.14143853E+02
  0.28000000E+01  0.19500000E+01 -0.15216987E+02
  0.28000000E+01  0.20000000E+01 -0.14956711E+02
  0.28000000E+01  0.20500000E+01 -0.14667041E+02
  0.28000000E+01  0.20999999E+01 -0.14878014E+02
  0.28000000E+01  0.21500001E+01 -0.13595561E+02
  0.28000000E+01  0.22000000E+01 -0.11938761E+02
  0.28000000E+01  0.22500000E+01 -0.10599548E+02
  0.28000000E+01  0.23000000E+01 -0.90015357E+01
  0.28000000E+01  0.23499999E+01 -0.11396119E+02
  0.28000000E+01  0.24000001E+01 -0.99673396E+01
  0.28000000E+01  0.24500000E+01 -0.75541115E+01
  0.28000000E+01  0.25000000E+01 -0.82244004E+01
  0.28000000E+01  0.25500000E+01 -0.60329706E+01
  0.28000000E+01  0.25999999E+01 -0.63178932E+01
  0.28000000E+01  0.26500001E+01  +Infinity
  0.28000000E+01  0.27000000E+01  +Infinity
  0.28000000E+01  0.27500000E+01  +Infinity
  0.28000000E+01  0.28000000E+01  +Infinity
  0.28000000E+01  0.28499999E+01  +Infinity
  0.28000000E+01  0.29000001E+01  +Infinity
  0.28000000E+01  0.29500000E+01  +Infinity
  0.28000000E+01  0.30000000E+01  +Infinity
  0.28000000E+01  0.30500000E+01  +Infinity
  0.28000000E+01  0.30999999E+01  +Infinity
  0.28000000E+01  0.31500001E+01  +Infinity
  0.28000000E+01  0.32000000E+01  +Infinity
  0.28000000E+01  0.32500000E+01  +Infinity
  0.28000000E+01  0.33000000E+01  +Infinity
  0.28000000E+01  0.33499999E+01  +Infinity
  0.28000000E+01  0.34000001E+01  +Infinity
  0.28000000E+01  0.34500000E+01  +Infinity
  0.28000000E+01  0.35000000E+01  +Infinity
  0.28000000E+01  0.35500000E+01  +Infinity
  0.28000000E+01  0.35999999E+01  +Infinity
  0.28000000E+01  0.36500001E+01  +Infinity
  0.28000000E+01  0.37000000E+01  +Infinity
  0.28000000E+01  0.37500000E+01  +Infinity
  0.28000000E+01  0.38000000E+01  +Infinity
  0.28000000E+01  0.38499999E+01  +Infinity
  0.28000000E+01  0.39000001E+01  +Infinity
  0.28000000E+01  0.39500000E+01  +Infinity
  0.28000000E+01  0.40000000E+01  +Infinity
  0.28000000E+01  0.40500002E+01  +Infinity
  0.28000000E+01  0.40999999E+01  +Infinity
  0.28000000E+01  0.41500001E+01  +Infinity
  0.28000000E+01  0.41999998E+01  +Infinity
  0.28000000E+01  0.42500000E+01  +Infinity
  0.28000000E+01  0.43000002E+01  +Infinity
  0.28000000E+01  0.43499999E+01  +Infinity
  0.28000000E+01  0.44000001E+01  +Infinity
  0.28000000E+01  0.44499998E+01  +Infinity
  0.28000000E+01  0.45000000E+01  +Infinity
  0.28000000E+01  0.45500002E+01  +Infinity
  0.28000000E+01  0.45999999E+01  +Infinity
  0.28000000E+01  0.46500001E+01  +Infinity
  0.28000000E+01  0.46999998E+01  +Infinity
  0.28000000E+01  0.47500000E+01  +Infinity
  0.28000000E+01  0.48000002E+01  +Infinity
  0.28000000E+01  0.48499999E+01  +Infinity
  0.28000000E+01  0.49000001E+01  +Infinity
  0.28000000E+01  0.49499998E+01  +Infinity
  0.28000000E+01  0.50000000E+01  +Infinity
  0.28000000E+01  0.50500002E+01  +Infinity
  0.28000000E+01  0.50999999E+01  +Infinity
  0.28000000E+01  0.51500001E+01  +Infinity
  0.28000000E+01  0.51999998E+01  +Infinity
  0.28000000E+01  0.52500000E+01  +Infinity
  0.28000000E+01  0.53000002E+01  +Infinity
  0.28000000E+01  0.53499999E+01  +Infinity
  0.28000000E+01  0.54000001E+01  +Infinity
  0.28000000E+01  0.54499998E+01  +Infinity
  0.28000000E+01  0.55000000E+01  +Infinity
  0.28000000E+01  0.55500002E+01  +Infinity
  0.28000000E+01  0.55999999E+01  +Infinity
  0.28000000E+01  0.56500001E+01  +Infinity
  0.28000000E+01  0.56999998E+01  +Infinity
  0.28000000E+01  0.57500000E+01  +Infinity
  0.28000000E+01  0.58000002E+01  +Infinity
  0.28000000E+01  0.58499999E+01  +Infinity
  0.28000000E+01  0.59000001E+01  +Infinity
  0.28000000E+01  0.59499998E+01  +Infinity
  0.28000000E+01  0.60000000E+01  +Infinity
  0.28000000E+01  0.60500002E+01  +Infinity
  0.28000000E+01  0.60999999E+01  +Infinity
  0.28000000E+01  0.61500001E+01  +Infinity
  0.28000000E+01  0.61999998E+01  +Infinity
  0.28000000E+01  0.62500000E+01  +Infinity
  0.28000000E+01  0.63000002E+01  +Infinity
  0.28000000E+01  0.63499999E+01  +Infinity
  0.28000000E+01  0.64000001E+01  +Infinity
  0.28000000E+01  0.64499998E+01  +Infinity
  0.28000000E+01  0.65000000E+01  +Infinity
  0.28000000E+01  0.65500002E+01  +Infinity
  0.28000000E+01  0.65999999E+01  +Infinity
  0.28000000E+01  0.66500001E+01  +Infinity
  0.28000000E+01  0.66999998E+01  +Infinity
  0.28000000E+01  0.67500000E+01  +Infinity
  0.28000000E+01  0.68000002E+01  +Infinity
  0.28000000E+01  0.68499999E+01  +Infinity
  0.28000000E+01  0.69000001E+01  +Infinity
  0.28000000E+01  0.69499998E+01  +Infinity
  0.28000000E+01  0.70000000E+01  +Infinity
  0.28000000E+01  0.70500002E+01  +Infinity
  0.28000000E+01  0.70999999E+01  +Infinity
  0.28000000E+01  0.71500001E+01  +Infinity
  0.28000000E+01  0.71999998E+01  +Infinity
  0.28000000E+01  0.72500000E+01  +Infinity
  0.28000000E+01  0.73000002E+01  +Infinity
  0.28000000E+01  0.73499999E+01  +Infinity
  0.28000000E+01  0.74000001E+01  +Infinity
  0.28000000E+01  0.74499998E+01  +Infinity
  0.28000000E+01  0.75000000E+01  +Infinity
  0.28000000E+01  0.75500002E+01  +Infinity
  0.28000000E+01  0.75999999E+01  +Infinity
  0.28000000E+01  0.76500001E+01  +Infinity
  0.28000000E+01  0.76999998E+01  +Infinity
  0.28000000E+01  0.77500000E+01  +Infinity
  0.28000000E+01  0.78000002E+01  +Infinity
  0.28000000E+01  0.78499999E+01  +Infinity
  0.28000000E+01  0.79000001E+01  +Infinity
  0.28000000E+01  0.79499998E+01  +Infinity
  0.28000000E+01  0.80000000E+01  +Infinity

  0.30000000E+01  0.10000000E+01  +Infinity
  0.30000000E+01  0.10500000E+01  +Infinity
  0.30000000E+01  0.11000000E+01  +Infinity
  0.30000000E+01  0.11500000E+01  +Infinity
  0.30000000E+01  0.12000000E+01  +Infinity
  0.30000000E+01  0.12500000E+01  +Infinity
  0.30000000E+01  0.13000000E+01  +Infinity
  0.30000000E+01  0.13500000E+01  +Infinity
  0.30000000E+01  0.14000000E+01  +Infinity
  0.30000000E+01  0.14500000E+01  +Infinity
  0.30000000E+01  0.15000000E+01  +Infinity
  0.30000000E+01  0.15500000E+01  +Infinity
  0.30000000E+01  0.16000000E+01  +Infinity
  0.30000000E+01  0.16500000E+01  +Infinity
  0.30000000E+01  0.17000000E+01 -0.77485516E+01
  0.30000000E+01  0.17500000E+01 -0.11387522E+02
  0.30000000E+01  0.18000000E+01 -0.14830003E+02
  0.30000000E+01  0.18500000E+01 -0.17550905E+02
  0.30000000E+01  0.19000000E+01 -0.18965431E+02
  0.30000000E+01  0.19500000E+01 -0.18989918E+02
  0.30000000E+01  0.20000000E+01 -0.18616341E+02
  0.30000000E+01  0.20500000E+01 -0.18511043E+02
  0.30000000E+01  0.20999999E+01 -0.17408468E+02
  0.30000000E+01  0.21500001E+01 -0.15829260E+02
  0.30000000E+01  0.22000000E+01 -0.14328277E+02
  0.30000000E+01  0.22500000E+01 -0.14367057E+02
  0.30000000E+01  0.23000000E+01 -0.14063993E+02
  0.30000000E+01  0.23499999E+01 -0.11427376E+02
  0.30000000E+01  0.24000001E+01 -0.11087891E+02
  0.30000000E+01  0.24500000E+01 -0.84527640E+01
  0.30000000E+01  0.25000000E+01 -0.88961958E+01
  0.30000000E+01  0.25500000E+01  +Infinity
  0.30000000E+01  0.25999999E+01  +Infinity
  0.30000000E+01  0.26500001E+01  +Infinity
  0.30000000E+01  0.27000000E+01  +Infinity
  0.30000000E+01  0.27500000E+01  +Infinity
  0.30000000E+01  0.28000000E+01  +Infinity
  0.30000000E+01  0.28499999E+01  +Infinity
  0.30000000E+01  0.29000001E+01  +Infinity
  0.30000000E+01  0.29500000E+01  +Infinity
  0.30000000E+01  0.30000000E+01  +Infinity
  0.30000000E+01  0.30500000E+01  +Infinity
  0.30000000E+01  0.30999999E+01  +Infinity
  0.30000000E+01  0.31500001E+01  +Infinity
  0.30000000E+01  0.32000000E+01  +Infinity
  0.30000000E+01  0.32500000E+01  +Infinity
  0.30000000E+01  0.33000000E+01  +Infinity
  0.30000000E+01  0.33499999E+01  +Infinity
  0.30000000E+01  0.34000001E+01  +Infinity
  0.30000000E+01  0.34500000E+01  +Infinity
  0.30000000E+01  0.35000000E+01  +Infinity
  0.30000000E+01  0.35500000E+01  +Infinity
  0.30000000E+01  0.35999999E+01  +Infinity
  0.30000000E+01  0.36500001E+01  +Infinity
  0.30000000E+01  0.37000000E+01  +Infinity
  0.30000000E+01  0.37500000E+01  +Infinity
  0.30000000E+01  0.38000000E+01  +Infinity
  0.30000000E+01  0.38499999E+01  +Infinity
  0.30000000E+01  0.39000001E+01  +Infinity
  0.30000000E+01  0.39500000E+01  +Infinity
  0.30000000E+01  0.40000000E+01  +Infinity
  0.30000000E+01  0.40500002E+01  +Infinity
  0.30000000E+01  0.40999999E+01  +Infinity
  0.30000000E+01  0.41500001E+01  +Infinity
  0.30000000E+01  0.41999998E+01  +Infinity
  0.30000000E+01  0.42500000E+01  +Infinity
  0.30000000E+01  0.43000002E+01  +Infinity
  0.30000000E+01  0.43499999E+01  +Infinity
  0.30000000E+01  0.44000001E+01  +Infinity
  0.30000000E+01  0.44499998E+01  +Infinity
  0.30000000E+01  0.45000000E+01  +Infinity
  0.30000000E+01  0.45500002E+01  +Infinity
  0.30000000E+01  0.45999999E+01  +Infinity
  0.30000000E+01  0.46500001E+01  +Infinity
  0.30000000E+01  0.46999998E+01  +Infinity
  0.30000000E+01  0.47500000E+01  +Infinity
  0.30000000E+01  0.48000002E+01  +Infinity
  0.30000000E+01  0.48499999E+01  +Infinity
  0.30000000E+01  0.49000001E+01  +Infinity
  0.30000000E+01  0.49499998E+01  +Infinity
  0.30000000E+01  0.50000000E+01  +Infinity
  0.30000000E+01  0.50500002E+01  +Infinity
  0.30000000E+01  0.50999999E+01  +Infinity
  0.30000000E+01  0.51500001E+01  +Infinity
  0.30000000E+01  0.51999998E+01  +Infinity
  0.30000000E+01  0.52500000E+01  +Infinity
  0.30000000E+01  0.53000002E+01  +Infinity
  0.30000000E+01  0.53499999E+01  +Infinity
  0.30000000E+01  0.54000001E+01  +Infinity
  0.30000000E+01  0.54499998E+01  +Infinity
  0.30000000E+01  0.55000000E+01  +Infinity
  0.30000000E+01  0.55500002E+01  +Infinity
  0.30000000E+01  0.55999999E+01  +Infinity
  0.30000000E+01  0.56500001E+01  +Infinity
  0.30000000E+01  0.56999998E+01  +Infinity
  0.30000000E+01  0.57500000E+01  +Infinity
  0.30000000E+01  0.58000002E+01  +Infinity
  0.30000000E+01  0.58499999E+01  +Infinity
  0.30000000E+01  0.59000001E+01  +Infinity
  0.30000000E+01  0.59499998E+01  +Infinity
  0.30000000E+01  0.60000000E+01  +Infinity
  0.30000000E+01  0.60500002E+01  +Infinity
  0.30000000E+01  0.60999999E+01  +Infinity
  0.30000000E+01  0.61500001E+01  +Infinity
  0.30000000E+01  0.61999998E+01  +Infinity
  0.30000000E+01  0.62500000E+01  +Infinity
  0.30000000E+01  0.63000002E+01  +Infinity
  0.30000000E+01  0.63499999E+01  +Infinity
  0.30000000E+01  0.64000001E+01  +Infinity
  0.30000000E+01  0.64499998E+01  +Infinity
  0.30000000E+01  0.65000000E+01  +Infinity
  0.30000000E+01  0.65500002E+01  +Infinity
  0.30000000E+01  0.65999999E+01  +Infinity
  0.30000000E+01  0.66500001E+01  +Infinity
  0.30000000E+01  0.66999998E+01  +Infinity
  0.30000000E+01  0.67500000E+01  +Infinity
  0.30000000E+01  0.68000002E+01  +Infinity
  0.30000000E+01  0.68499999E+01  +Infinity
  0.30000000E+01  0.69000001E+01  +Infinity
  0.30000000E+01  0.69499998E+01  +Infinity
  0.30000000E+01  0.70000000E+01  +Infinity
  0.30000000E+01  0.70500002E+01  +Infinity
  0.30000000E+01  0.70999999E+01  +Infinity
  0.30000000E+01  0.71500001E+01  +Infinity
  0.30000000E+01  0.71999998E+01  +Infinity
  0.30000000E+01  0.72500000E+01  +Infinity
  0.30000000E+01  0.73000002E+01  +Infinity
  0.30000000E+01  0.73499999E+01  +Infinity
  0.30000000E+01  0.74000001E+01  +Infinity
  0.30000000E+01  0.74499998E+01  +Infinity
  0.30000000E+01  0.75000000E+01  +Infinity
  0.30000000E+01  0.75500002E+01  +Infinity
  0.30000000E+01  0.75999999E+01  +Infinity
  0.30000000E+01  0.76500001E+01  +Infinity
  0.30000000E+01  0.76999998E+01  +Infinity
  0.30000000E+01  0.77500000E+01  +Infinity
  0.30000000E+01  0.78000002E+01  +Infinity
  0.30000000E+01  0.78499999E+01  +Infinity
  0.30000000E+01  0.79000001E+01  +Infinity
  0.30000000E+01  0.79499998E+01  +Infinity
  0.30000000E+01  0.80000000E+01  +Infinity

  0.32000000E+01  0.10000000E+01  +Infinity
  0.32000000E+01  0.10500000E+01  +Infinity
  0.32000000E+01  0.11000000E+01  +Infinity
  0.32000000E+01  0.11500000E+01  +Infinity
  0.32000000E+01  0.12000000E+01  +Infinity
  0.32000000E+01  0.12500000E+01  +Infinity
  0.32000000E+01  0.13000000E+01  +Infinity
  0.32000000E+01  0.13500000E+01  +Infinity
  0.32000000E+01  0.14000000E+01  +Infinity
  0.32000000E+01  0.14500000E+01  +Infinity
  0.32000000E+01  0.15000000E+01  +Infinity
  0.32000000E+01  0.15500000E+01  +Infinity
  0.32000000E+01  0.16000000E+01  +Infinity
  0.32000000E+01  0.16500000E+01 -0.80220345E+01
  0.32000000E+01  0.17000000E+01 -0.13994940E+02
  0.32000000E+01  0.17500000E+01 -0.16599644E+02
  0.32000000E+01  0.18000000E+01 -0.19683054E+02
  0.32000000E+01  0.18500000E+01 -0.21482710E+02
  0.32000000E+01  0.19000000E+01 -0.21942959E+02
  0.32000000E+01  0.19500000E+01 -0.21631685E+02
  0.32000000E+01  0.20000000E+01 -0.21500176E+02
  0.32000000E+01  0.20500000E+01 -0.20086931E+02
  0.32000000E+01  0.20999999E+01 -0.18103961E+02
  0.32000000E+01  0.21500001E+01 -0.17353432E+02
  0.32000000E+01  0.22000000E+01 -0.17652800E+02
  0.32000000E+01  0.22500000E+01 -0.16142372E+02
  0.32000000E+01  0.23000000E+01 -0.15017909E+02
  0.32000000E+01  0.23499999E+01 -0.13012349E+02
  0.32000000E+01  0.24000001E+01 -0.13143421E+02
  0.32000000E+01  0.24500000E+01  +Infinity
  0.32000000E+01  0.25000000E+01  +Infinity
  0.32000000E+01  0.25500000E+01  +Infinity
  0.32000000E+01  0.25999999E+01  +Infinity
  0.32000000E+01  0.26500001E+01  +Infinity
  0.32000000E+01  0.27000000E+01  +Infinity
  0.32000000E+01  0.27500000E+01  +Infinity
  0.32000000E+01  0.28000000E+01  +Infinity
  0.32000000E+01  0.28499999E+01  +Infinity
  0.32000000E+01  0.29000001E+01  +Infinity
  0.32000000E+01  0.29500000E+01  +Infinity
  0.32000000E+01  0.30000000E+01  +Infinity
  0.32000000E+01  0.30500000E+01  +Infinity
  0.32000000E+01  0.30999999E+01  +Infinity
  0.32000000E+01  0.31500001E+01  +Infinity
  0.32000000E+01  0.32000000E+01  +Infinity
  0.32000000E+01  0.32500000E+01  +Infinity
  0.32000000E+01  0.33000000E+01  +Infinity
  0.32000000E+01  0.33499999E+01  +Infinity
  0.32000000E+01  0.34000001E+01  +Infinity
  0.32000000E+01  0.34500000E+01  +Infinity
  0.32000000E+01  0.35000000E+01  +Infinity
  0.32000000E+01  0.35500000E+01  +Infinity
  0.32000000E+01  0.35999999E+01  +Infinity
  0.32000000E+01  0.36500001E+01  +Infinity
  0.32000000E+01  0.37000000E+01  +Infinity
  0.32000000E+01  0.37500000E+01  +Infinity
  0.32000000E+01  0.38000000E+01  +Infinity
  0.32000000E+01  0.38499999E+01  +Infinity
  0.32000000E+01  0.39000001E+01  +Infinity
  0.32000000E+01  0.39500000E+01  +Infinity
  0.32000000E+01  0.40000000E+01  +Infinity
  0.32000000E+01  0.40500002E+01  +Infinity
  0.32000000E+01  0.40999999E+01  +Infinity
  0.32000000E+01  0.41500001E+01  +Infinity
  0.32000000E+01  0.41999998E+01  +Infinity
  0.32000000E+01  0.42500000E+01  +Infinity
  0.32000000E+01  0.43000002E+01  +Infinity
  0.32000000E+01  0.43499999E+01  +Infinity
  0.32000000E+01  0.44000001E+01  +Infinity
  0.32000000E+01  0.44499998E+01  +Infinity
  0.32000000E+01  0.45000000E+01  +Infinity
  0.32000000E+01  0.45500002E+01  +Infinity
  0.32000000E+01  0.45999999E+01  +Infinity
  0.32000000E+01  0.46500001E+01  +Infinity
  0.32000000E+01  0.46999998E+01  +Infinity
  0.32000000E+01  0.47500000E+01  +Infinity
  0.32000000E+01  0.48000002E+01  +Infinity
  0.32000000E+01  0.48499999E+01  +Infinity
  0.32000000E+01  0.49000001E+01  +Infinity
  0.32000000E+01  0.49499998E+01  +Infinity
  0.32000000E+01  0.50000000E+01  +Infinity
  0.32000000E+01  0.50500002E+01  +Infinity
  0.32000000E+01  0.50999999E+01  +Infinity
  0.32000000E+01  0.51500001E+01  +Infinity
  0.32000000E+01  0.51999998E+01  +Infinity
  0.32000000E+01  0.52500000E+01  +Infinity
  0.32000000E+01  0.53000002E+01  +Infinity
  0.32000000E+01  0.53499999E+01  +Infinity
  0.32000000E+01  0.54000001E+01  +Infinity
  0.32000000E+01  0.54499998E+01  +Infinity
  0.32000000E+01  0.55000000E+01  +Infinity
  0.32000000E+01  0.55500002E+01  +Infinity
  0.32000000E+01  0.55999999E+01  +Infinity
  0.32000000E+01  0.56500001E+01  +Infinity
  0.32000000E+01  0.56999998E+01  +Infinity
  0.32000000E+01  0.57500000E+01  +Infinity
  0.32000000E+01  0.58000002E+01  +Infinity
  0.32000000E+01  0.58499999E+01  +Infinity
  0.32000000E+01  0.59000001E+01  +Infinity
  0.32000000E+01  0.59499998E+01  +Infinity
  0.32000000E+01  0.60000000E+01  +Infinity
  0.32000000E+01  0.60500002E+01  +Infinity
  0.32000000E+01  0.60999999E+01  +Infinity
  0.32000000E+01  0.61500001E+01  +Infinity
  0.32000000E+01  0.61999998E+01  +Infinity
  0.32000000E+01  0.62500000E+01  +Infinity
  0.32000000E+01  0.63000002E+01  +Infinity
  0.32000000E+01  0.63499999E+01  +Infinity
  0.32000000E+01  0.64000001E+01  +Infinity
  0.32000000E+01  0.64499998E+01  +Infinity
  0.32000000E+01  0.65000000E+01  +Infinity
  0.32000000E+01  0.65500002E+01  +Infinity
  0.32000000E+01  0.65999999E+01  +Infinity
  0.32000000E+01  0.66500001E+01  +Infinity
  0.32000000E+01  0.66999998E+01  +Infinity
  0.32000000E+01  0.67500000E+01  +Infinity
  0.32000000E+01  0.68000002E+01  +Infinity
  0.32000000E+01  0.68499999E+01  +Infinity
  0.32000000E+01  0.69000001E+01  +Infinity
  0.32000000E+01  0.69499998E+01  +Infinity
  0.32000000E+01  0.70000000E+01  +Infinity
  0.32000000E+01  0.70500002E+01  +Infinity
  0.32000000E+01  0.70999999E+01  +Infinity
  0.32000000E+01  0.71500001E+01  +Infinity
  0.32000000E+01  0.71999998E+01  +Infinity
  0.32000000E+01  0.72500000E+01  +Infinity
  0.32000000E+01  0.73000002E+01  +Infinity
  0.32000000E+01  0.73499999E+01  +Infinity
  0.32000000E+01  0.74000001E+01  +Infinity
  0.32000000E+01  0.74499998E+01  +Infinity
  0.32000000E+01  0.75000000E+01  +Infinity
  0.32000000E+01  0.75500002E+01  +Infinity
  0.32000000E+01  0.75999999E+01  +Infinity
  0.32000000E+01  0.76500001E+01  +Infinity
  0.32000000E+01  0.76999998E+01  +Infinity
  0.32000000E+01  0.77500000E+01  +Infinity
  0.32000000E+01  0.78000002E+01  +Infinity
  0.32000000E+01  0.78499999E+01  +Infinity
  0.32000000E+01  0.79000001E+01  +Infinity
  0.32000000E+01  0.79499998E+01  +Infinity
  0.32000000E+01  0.80000000E+01  +Infinity

  0.34000001E+01  0.10000000E+01  +Infinity
  0.34000001E+01  0.10500000E+01  +Infinity
  0.34000001E+01  0.11000000E+01  +Infinity
  0.34000001E+01  0.11500000E+01  +Infinity
  0.34000001E+01  0.12000000E+01  +Infinity
  0.34000001E+01  0.12500000E+01  +Infinity
  0.34000001E+01  0.13000000E+01  +Infinity
  0.34000001E+01  0.13500000E+01  +Infinity
  0.34000001E+01  0.14000000E+01  +Infinity
  0.34000001E+01  0.14500000E+01  +Infinity
  0.34000001E+01  0.15000000E+01  +Infinity
  0.34000001E+01  0.15500000E+01  +Infinity
  0.34000001E+01  0.16000000E+01  +Infinity
  0.34000001E+01  0.16500000E+01 -0.12490461E+02
  0.34000001E+01  0.17000000E+01 -0.17265806E+02
  0.34000001E+01  0.17500000E+01 -0.20144371E+02
  0.34000001E+01  0.18000000E+01 -0.22722339E+02
  0.34000001E+01  0.18500000E+01 -0.24112896E+02
  0.34000001E+01  0.19000000E+01 -0.23927438E+02
  0.34000001E+01  0.19500000E+01 -0.23458481E+02
  0.34000001E+01  0.20000000E+01 -0.23036500E+02
  0.34000001E+01  0.20500000E+01 -0.21012144E+02
  0.34000001E+01  0.20999999E+01 -0.18464930E+02
  0.34000001E+01  0.21500001E+01 -0.18113981E+02
  0.34000001E+01  0.22000000E+01 -0.17515012E+02
  0.34000001E+01  0.22500000E+01 -0.15715658E+02
  0.34000001E+01  0.23000000E+01 -0.14284033E+02
  0.34000001E+01  0.23499999E+01 -0.13879145E+02
  0.34000001E+01  0.24000001E+01  +Infinity
  0.34000001E+01  0.24500000E+01  +Infinity
  0.34000001E+01  0.25000000E+01  +Infinity
  0.34000001E+01  0.25500000E+01  +Infinity
  0.34000001E+01  0.25999999E+01  +Infinity
  0.34000001E+01  0.26500001E+01  +Infinity
  0.34000001E+01  0.27000000E+01  +Infinity
  0.34000001E+01  0.27500000E+01  +Infinity
  0.34000001E+01  0.28000000E+01  +Infinity
  0.34000001E+01  0.28499999E+01  +Infinity
  0.34000001E+01  0.29000001E+01  +Infinity
  0.34000001E+01  0.29500000E+01  +Infinity
  0.34000001E+01  0.30000000E+01  +Infinity
  0.34000001E+01  0.30500000E+01  +Infinity
  0.34000001E+01  0.30999999E+01  +Infinity
  0.34000001E+01  0.31500001E+01  +Infinity
  0.34000001E+01  0.32000000E+01  +Infinity
  0.34000001E+01  0.32500000E+01  +Infinity
  0.34000001E+01  0.33000000E+01  +Infinity
  0.34000001E+01  0.33499999E+01  +Infinity
  0.34000001E+01  0.34000001E+01  +Infinity
  0.34000001E+01  0.34500000E+01  +Infinity
  0.34000001E+01  0.35000000E+01  +Infinity
  0.34000001E+01  0.35500000E+01  +Infinity
  0.34000001E+01  0.35999999E+01  +Infinity
  0.34000001E+01  0.36500001E+01  +Infinity
  0.34000001E+01  0.37000000E+01  +Infinity
  0.34000001E+01  0.37500000E+01  +Infinity
  0.34000001E+01  0.38000000E+01  +Infinity
  0.34000001E+01  0.38499999E+01  +Infinity
  0.34000001E+01  0.39000001E+01  +Infinity
  0.34000001E+01  0.39500000E+01  +Infinity
  0.34000001E+01  0.40000000E+01  +Infinity
  0.34000001E+01  0.40500002E+01  +Infinity
  0.34000001E+01  0.40999999E+01  +Infinity
  0.34000001E+01  0.41500001E+01  +Infinity
  0.34000001E+01  0.41999998E+01  +Infinity
  0.34000001E+01  0.42500000E+01  +Infinity
  0.34000001E+01  0.43000002E+01  +Infinity
  0.34000001E+01  0.43499999E+01  +Infinity
  0.34000001E+01  0.44000001E+01  +Infinity
  0.34000001E+01  0.44499998E+01  +Infinity
  0.34000001E+01  0.45000000E+01  +Infinity
  0.34000001E+01  0.45500002E+01  +Infinity
  0.34000001E+01  0.45999999E+01  +Infinity
  0.34000001E+01  0.46500001E+01  +Infinity
  0.34000001E+01  0.46999998E+01  +Infinity
  0.34000001E+01  0.47500000E+01  +Infinity
  0.34000001E+01  0.48000002E+01  +Infinity
  0.34000001E+01  0.48499999E+01  +Infinity
  0.34000001E+01  0.49000001E+01  +Infinity
  0.34000001E+01  0.49499998E+01  +Infinity
  0.34000001E+01  0.50000000E+01  +Infinity
  0.34000001E+01  0.50500002E+01  +Infinity
  0.34000001E+01  0.50999999E+01  +Infinity
  0.34000001E+01  0.51500001E+01  +Infinity
  0.34000001E+01  0.51999998E+01  +Infinity
  0.34000001E+01  0.52500000E+01  +Infinity
  0.34000001E+01  0.53000002E+01  +Infinity
  0.34000001E+01  0.53499999E+01  +Infinity
  0.34000001E+01  0.54000001E+01  +Infinity
  0.34000001E+01  0.54499998E+01  +Infinity
  0.34000001E+01  0.55000000E+01  +Infinity
  0.34000001E+01  0.55500002E+01  +Infinity
  0.34000001E+01  0.55999999E+01  +Infinity
  0.34000001E+01  0.56500001E+01  +Infinity
  0.34000001E+01  0.56999998E+01  +Infinity
  0.34000001E+01  0.57500000E+01  +Infinity
  0.34000001E+01  0.58000002E+01  +Infinity
  0.34000001E+01  0.58499999E+01  +Infinity
  0.34000001E+01  0.59000001E+01  +Infinity
  0.34000001E+01  0.59499998E+01  +Infinity
  0.34000001E+01  0.60000000E+01  +Infinity
  0.34000001E+01  0.60500002E+01  +Infinity
  0.34000001E+01  0.60999999E+01  +Infinity
  0.34000001E+01  0.61500001E+01  +Infinity
  0.34000001E+01  0.61999998E+01  +Infinity
  0.34000001E+01  0.62500000E+01  +Infinity
  0.34000001E+01  0.63000002E+01  +Infinity
  0.34000001E+01  0.63499999E+01  +Infinity
  0.34000001E+01  0.64000001E+01  +Infinity
  0.34000001E+01  0.64499998E+01  +Infinity
  0.34000001E+01  0.65000000E+01  +Infinity
  0.34000001E+01  0.65500002E+01  +Infinity
  0.34000001E+01  0.65999999E+01  +Infinity
  0.34000001E+01  0.66500001E+01  +Infinity
  0.34000001E+01  0.66999998E+01  +Infinity
  0.34000001E+01  0.67500000E+01  +Infinity
  0.34000001E+01  0.68000002E+01  +Infinity
  0.34000001E+01  0.68499999E+01  +Infinity
  0.34000001E+01  0.69000001E+01  +Infinity
  0.34000001E+01  0.69499998E+01  +Infinity
  0.34000001E+01  0.70000000E+01  +Infinity
  0.34000001E+01  0.70500002E+01  +Infinity
  0.34000001E+01  0.70999999E+01  +Infinity
  0.34000001E+01  0.71500001E+01  +Infinity
  0.34000001E+01  0.71999998E+01  +Infinity
  0.34000001E+01  0.72500000E+01  +Infinity
  0.34000001E+01  0.73000002E+01  +Infinity
  0.34000001E+01  0.73499999E+01  +Infinity
  0.34000001E+01  0.74000001E+01  +Infinity
  0.34000001E+01  0.74499998E+01  +Infinity
  0.34000001E+01  0.75000000E+01  +Infinity
  0.34000001E+01  0.75500002E+01  +Infinity
  0.34000001E+01  0.75999999E+01  +Infinity
  0.34000001E+01  0.76500001E+01  +Infinity
  0.34000001E+01  0.76999998E+01  +Infinity
  0.34000001E+01  0.77500000E+01  +Infinity
  0.34000001E+01  0.78000002E+01  +Infinity
  0.34000001E+01  0.78499999E+01  +Infinity
  0.34000001E+01  0.79000001E+01  +Infinity
  0.34000001E+01  0.79499998E+01  +Infinity
  0.34000001E+01  0.80000000E+01  +Infinity

  0.35999999E+01  0.10000000E+01  +Infinity
  0.35999999E+01  0.10500000E+01  +Infinity
  0.35999999E+01  0.11000000E+01  +Infinity
  0.35999999E+01  0.11500000E+01  +Infinity
  0.35999999E+01  0.12000000E+01  +Infinity
  0.35999999E+01  0.12500000E+01  +Infinity
  0.35999999E+01  0.13000000E+01  +Infinity
  0.35999999E+01  0.13500000E+01  +Infinity
  0.35999999E+01  0.14000000E+01  +Infinity
  0.35999999E+01  0.14500000E+01  +Infinity
  0.35999999E+01  0.15000000E+01  +Infinity
  0.35999999E+01  0.15500000E+01  +Infinity
  0.35999999E+01  0.16000000E+01  +Infinity
  0.35999999E+01  0.16500000E+01 -0.15534957E+02
  0.35999999E+01  0.17000000E+01 -0.19292462E+02
  0.35999999E+01  0.17500000E+01 -0.22024416E+02
  0.35999999E+01  0.18000000E+01 -0.24242938E+02
  0.35999999E+01  0.18500000E+01 -0.25292114E+02
  0.35999999E+01  0.19000000E+01 -0.24924289E+02
  0.35999999E+01  0.19500000E+01 -0.24733794E+02
  0.35999999E+01  0.20000000E+01 -0.23534944E+02
  0.35999999E+01  0.20500000E+01 -0.21840021E+02
  0.35999999E+01  0.20999999E+01 -0.20923490E+02
  0.35999999E+01  0.21500001E+01 -0.20514672E+02
  0.35999999E+01  0.22000000E+01 -0.18568699E+02
  0.35999999E+01  0.22500000E+01 -0.17086400E+02
  0.35999999E+01  0.23000000E+01 -0.16542962E+02
  0.35999999E+01  0.23499999E+01 -0.11177474E+02
  0.35999999E+01  0.24000001E+01  +Infinity
  0.35999999E+01  0.24500000E+01  +Infinity
  0.35999999E+01  0.25000000E+01  +Infinity
  0.35999999E+01  0.25500000E+01  +Infinity
  0.35999999E+01  0.25999999E+01  +Infinity
  0.35999999E+01  0.26500001E+01  +Infinity
  0.35999999E+01  0.27000000E+01  +Infinity
  0.35999999E+01  0.27500000E+01  +Infinity
  0.35999999E+01  0.28000000E+01  +Infinity
  0.35999999E+01  0.28499999E+01  +Infinity
  0.35999999E+01  0.29000001E+01  +Infinity
  0.35999999E+01  0.29500000E+01  +Infinity
  0.35999999E+01  0.30000000E+01  +Infinity
  0.35999999E+01  0.30500000E+01  +Infinity
  0.35999999E+01  0.30999999E+01  +Infinity
  0.35999999E+01  0.31500001E+01  +Infinity
  0.35999999E+01  0.32000000E+01  +Infinity
  0.35999999E+01  0.32500000E+01  +Infinity
  0.35999999E+01  0.33000000E+01  +Infinity
  0.35999999E+01  0.33499999E+01  +Infinity
  0.35999999E+01  0.34000001E+01  +Infinity
  0.35999999E+01  0.34500000E+01  +Infinity
  0.35999999E+01  0.35000000E+01  +Infinity
  0.35999999E+01  0.35500000E+01  +Infinity
  0.35999999E+01  0.35999999E+01  +Infinity
  0.35999999E+01  0.36500001E+01  +Infinity
  0.35999999E+01  0.37000000E+01  +Infinity
  0.35999999E+01  0.37500000E+01  +Infinity
  0.35999999E+01  0.38000000E+01  +Infinity
  0.35999999E+01  0.38499999E+01  +Infinity
  0.35999999E+01  0.39000001E+01  +Infinity
  0.35999999E+01  0.39500000E+01  +Infinity
  0.35999999E+01  0.40000000E+01  +Infinity
  0.35999999E+01  0.40500002E+01  +Infinity
  0.35999999E+01  0.40999999E+01  +Infinity
  0.35999999E+01  0.41500001E+01  +Infinity
  0.35999999E+01  0.41999998E+01  +Infinity
  0.35999999E+01  0.42500000E+01  +Infinity
  0.35999999E+01  0.43000002E+01  +Infinity
  0.35999999E+01  0.43499999E+01  +Infinity
  0.35999999E+01  0.44000001E+01  +Infinity
  0.35999999E+01  0.44499998E+01  +Infinity
  0.35999999E+01  0.45000000E+01  +Infinity
  0.35999999E+01  0.45500002E+01  +Infinity
  0.35999999E+01  0.45999999E+01  +Infinity
  0.35999999E+01  0.46500001E+01  +Infinity
  0.35999999E+01  0.46999998E+01  +Infinity
  0.35999999E+01  0.47500000E+01  +Infinity
  0.35999999E+01  0.48000002E+01  +Infinity
  0.35999999E+01  0.48499999E+01  +Infinity
  0.35999999E+01  0.49000001E+01  +Infinity
  0.35999999E+01  0.49499998E+01  +Infinity
  0.35999999E+01  0.50000000E+01  +Infinity
  0.35999999E+01  0.50500002E+01  +Infinity
  0.35999999E+01  0.50999999E+01  +Infinity
  0.35999999E+01  0.51500001E+01  +Infinity
  0.35999999E+01  0.51999998E+01  +Infinity
  0.35999999E+01  0.52500000E+01  +Infinity
  0.35999999E+01  0.53000002E+01  +Infinity
  0.35999999E+01  0.53499999E+01  +Infinity
  0.35999999E+01  0.54000001E+01  +Infinity
  0.35999999E+01  0.54499998E+01  +Infinity
  0.35999999E+01  0.55000000E+01  +Infinity
  0.35999999E+01  0.55500002E+01  +Infinity
  0.35999999E+01  0.55999999E+01  +Infinity
  0.35999999E+01  0.56500001E+01  +Infinity
  0.35999999E+01  0.56999998E+01  +Infinity
  0.35999999E+01  0.57500000E+01  +Infinity
  0.35999999E+01  0.58000002E+01  +Infinity
  0.35999999E+01  0.58499999E+01  +Infinity
  0.35999999E+01  0.59000001E+01  +Infinity
  0.35999999E+01  0.59499998E+01  +Infinity
  0.35999999E+01  0.60000000E+01  +Infinity
  0.35999999E+01  0.60500002E+01  +Infinity
  0.35999999E+01  0.60999999E+01  +Infinity
  0.35999999E+01  0.61500001E+01  +Infinity
  0.35999999E+01  0.61999998E+01  +Infinity
  0.35999999E+01  0.62500000E+01  +Infinity
  0.35999999E+01  0.63000002E+01  +Infinity
  0.35999999E+01  0.63499999E+01  +Infinity
  0.35999999E+01  0.64000001E+01  +Infinity
  0.35999999E+01  0.64499998E+01  +Infinity
  0.35999999E+01  0.65000000E+01  +Infinity
  0.35999999E+01  0.65500002E+01  +Infinity
  0.35999999E+01  0.65999999E+01  +Infinity
  0.35999999E+01  0.66500001E+01  +Infinity
  0.35999999E+01  0.66999998E+01  +Infinity
  0.35999999E+01  0.67500000E+01  +Infinity
  0.35999999E+01  0.68000002E+01  +Infinity
  0.35999999E+01  0.68499999E+01  +Infinity
  0.35999999E+01  0.69000001E+01  +Infinity
  0.35999999E+01  0.69499998E+01  +Infinity
  0.35999999E+01  0.70000000E+01  +Infinity
  0.35999999E+01  0.70500002E+01  +Infinity
  0.35999999E+01  0.70999999E+01  +Infinity
  0.35999999E+01  0.71500001E+01  +Infinity
  0.35999999E+01  0.71999998E+01  +Infinity
  0.35999999E+01  0.72500000E+01  +Infinity
  0.35999999E+01  0.73000002E+01  +Infinity
  0.35999999E+01  0.73499999E+01  +Infinity
  0.35999999E+01  0.74000001E+01  +Infinity
  0.35999999E+01  0.74499998E+01  +Infinity
  0.35999999E+01  0.75000000E+01  +Infinity
  0.35999999E+01  0.75500002E+01  +Infinity
  0.35999999E+01  0.75999999E+01  +Infinity
  0.35999999E+01  0.76500001E+01  +Infinity
  0.35999999E+01  0.76999998E+01  +Infinity
  0.35999999E+01  0.77500000E+01  +Infinity
  0.35999999E+01  0.78000002E+01  +Infinity
  0.35999999E+01  0.78499999E+01  +Infinity
  0.35999999E+01  0.79000001E+01  +Infinity
  0.35999999E+01  0.79499998E+01  +Infinity
  0.35999999E+01  0.80000000E+01  +Infinity

  0.38000000E+01  0.10000000E+01  +Infinity
  0.38000000E+01  0.10500000E+01  +Infinity
  0.38000000E+01  0.11000000E+01  +Infinity
  0.38000000E+01  0.11500000E+01  +Infinity
  0.38000000E+01  0.12000000E+01  +Infinity
  0.38000000E+01  0.12500000E+01  +Infinity
  0.38000000E+01  0.13000000E+01  +Infinity
  0.38000000E+01  0.13500000E+01  +Infinity
  0.38000000E+01  0.14000000E+01  +Infinity
  0.38000000E+01  0.14500000E+01  +Infinity
  0.38000000E+01  0.15000000E+01  +Infinity
  0.38000000E+01  0.15500000E+01  +Infinity
  0.38000000E+01  0.16000000E+01  +Infinity
  0.38000000E+01  0.16500000E+01 -0.16063122E+02
  0.38000000E+01  0.17000000E+01 -0.19687093E+02
  0.38000000E+01  0.17500000E+01 -0.23009723E+02
  0.38000000E+01  0.18000000E+01 -0.25078517E+02
  0.38000000E+01  0.18500000E+01 -0.25951004E+02
  0.38000000E+01  0.19000000E+01 -0.25457570E+02
  0.38000000E+01  0.19500000E+01 -0.25277112E+02
  0.38000000E+01  0.20000000E+01 -0.23868328E+02
  0.38000000E+01  0.20500000E+01 -0.22143642E+02
  0.38000000E+01  0.20999999E+01 -0.21559553E+02
  0.38000000E+01  0.21500001E+01 -0.20839904E+02
  0.38000000E+01  0.22000000E+01 -0.19201634E+02
  0.38000000E+01  0.22500000E+01 -0.17169929E+02
  0.38000000E+01  0.23000000E+01 -0.16947040E+02
  0.38000000E+01  0.23499999E+01  +Infinity
  0.38000000E+01  0.24000001E+01  +Infinity
  0.38000000E+01  0.24500000E+01  +Infinity
  0.38000000E+01  0.25000000E+01  +Infinity
  0.38000000E+01  0.25500000E+01  +Infinity
  0.38000000E+01  0.25999999E+01  +Infinity
  0.38000000E+01  0.26500001E+01  +Infinity
  0.38000000E+01  0.27000000E+01  +Infinity
  0.38000000E+01  0.27500000E+01  +Infinity
  0.38000000E+01  0.28000000E+01  +Infinity
  0.38000000E+01  0.28499999E+01  +Infinity
  0.38000000E+01  0.29000001E+01  +Infinity
  0.38000000E+01  0.29500000E+01  +Infinity
  0.38000000E+01  0.30000000E+01  +Infinity
  0.38000000E+01  0.30500000E+01  +Infinity
  0.38000000E+01  0.30999999E+01  +Infinity
  0.38000000E+01  0.31500001E+01  +Infinity
  0.38000000E+01  0.32000000E+01  +Infinity
  0.38000000E+01  0.32500000E+01  +Infinity
  0.38000000E+01  0.33000000E+01  +Infinity
  0.38000000E+01  0.33499999E+01  +Infinity
  0.38000000E+01  0.34000001E+01  +Infinity
  0.38000000E+01  0.34500000E+01  +Infinity
  0.38000000E+01  0.35000000E+01  +Infinity
  0.38000000E+01  0.35500000E+01  +Infinity
  0.38000000E+01  0.35999999E+01  +Infinity
  0.38000000E+01  0.36500001E+01  +Infinity
  0.38000000E+01  0.37000000E+01  +Infinity
  0.38000000E+01  0.37500000E+01  +Infinity
  0.38000000E+01  0.38000000E+01  +Infinity
  0.38000000E+01  0.38499999E+01  +Infinity
  0.38000000E+01  0.39000001E+01  +Infinity
  0.38000000E+01  0.39500000E+01  +Infinity
  0.38000000E+01  0.40000000E+01  +Infinity
  0.38000000E+01  0.40500002E+01  +Infinity
  0.38000000E+01  0.40999999E+01  +Infinity
  0.38000000E+01  0.41500001E+01  +Infinity
  0.38000000E+01  0.41999998E+01  +Infinity
  0.38000000E+01  0.42500000E+01  +Infinity
  0.38000000E+01  0.43000002E+01  +Infinity
  0.38000000E+01  0.43499999E+01  +Infinity
  0.38000000E+01  0.44000001E+01  +Infinity
  0.38000000E+01  0.44499998E+01  +Infinity
  0.38000000E+01  0.45000000E+01  +Infinity
  0.38000000E+01  0.45500002E+01  +Infinity
  0.38000000E+01  0.45999999E+01  +Infinity
  0.38000000E+01  0.46500001E+01  +Infinity
  0.38000000E+01  0.46999998E+01  +Infinity
  0.38000000E+01  0.47500000E+01  +Infinity
  0.38000000E+01  0.48000002E+01  +Infinity
  0.38000000E+01  0.48499999E+01  +Infinity
  0.38000000E+01  0.49000001E+01  +Infinity
  0.38000000E+01  0.49499998E+01  +Infinity
  0.38000000E+01  0.50000000E+01  +Infinity
  0.38000000E+01  0.50500002E+01  +Infinity
  0.38000000E+01  0.50999999E+01  +Infinity
  0.38000000E+01  0.51500001E+01  +Infinity
  0.38000000E+01  0.51999998E+01  +Infinity
  0.38000000E+01  0.52500000E+01  +Infinity
  0.38000000E+01  0.53000002E+01  +Infinity
  0.38000000E+01  0.53499999E+01  +Infinity
  0.38000000E+01  0.54000001E+01  +Infinity
  0.38000000E+01  0.54499998E+01  +Infinity
  0.38000000E+01  0.55000000E+01  +Infinity
  0.38000000E+01  0.55500002E+01  +Infinity
  0.38000000E+01  0.55999999E+01  +Infinity
  0.38000000E+01  0.56500001E+01  +Infinity
  0.38000000E+01  0.56999998E+01  +Infinity
  0.38000000E+01  0.57500000E+01  +Infinity
  0.38000000E+01  0.58000002E+01  +Infinity
  0.38000000E+01  0.58499999E+01  +Infinity
  0.38000000E+01  0.59000001E+01  +Infinity
  0.38000000E+01  0.59499998E+01  +Infinity
  0.38000000E+01  0.60000000E+01  +Infinity
  0.38000000E+01  0.60500002E+01  +Infinity
  0.38000000E+01  0.60999999E+01  +Infinity
  0.38000000E+01  0.61500001E+01  +Infinity
  0.38000000E+01  0.61999998E+01  +Infinity
  0.38000000E+01  0.62500000E+01  +Infinity
  0.38000000E+01  0.63000002E+01  +Infinity
  0.38000000E+01  0.63499999E+01  +Infinity
  0.38000000E+01  0.64000001E+01  +Infinity
  0.38000000E+01  0.64499998E+01  +Infinity
  0.38000000E+01  0.65000000E+01  +Infinity
  0.38000000E+01  0.65500002E+01  +Infinity
  0.38000000E+01  0.65999999E+01  +Infinity
  0.38000000E+01  0.66500001E+01  +Infinity
  0.38000000E+01  0.66999998E+01  +Infinity
  0.38000000E+01  0.67500000E+01  +Infinity
  0.38000000E+01  0.68000002E+01  +Infinity
  0.38000000E+01  0.68499999E+01  +Infinity
  0.38000000E+01  0.69000001E+01  +Infinity
  0.38000000E+01  0.69499998E+01  +Infinity
  0.38000000E+01  0.70000000E+01  +Infinity
  0.38000000E+01  0.70500002E+01  +Infinity
  0.38000000E+01  0.70999999E+01  +Infinity
  0.38000000E+01  0.71500001E+01  +Infinity
  0.38000000E+01  0.71999998E+01  +Infinity
  0.38000000E+01  0.72500000E+01  +Infinity
  0.38000000E+01  0.73000002E+01  +Infinity
  0.38000000E+01  0.73499999E+01  +Infinity
  0.38000000E+01  0.74000001E+01  +Infinity
  0.38000000E+01  0.74499998E+01  +Infinity
  0.38000000E+01  0.75000000E+01  +Infinity
  0.38000000E+01  0.75500002E+01  +Infinity
  0.38000000E+01  0.75999999E+01  +Infinity
  0.38000000E+01  0.76500001E+01  +Infinity
  0.38000000E+01  0.76999998E+01  +Infinity
  0.38000000E+01  0.77500000E+01  +Infinity
  0.38000000E+01  0.78000002E+01  +Infinity
  0.38000000E+01  0.78499999E+01  +Infinity
  0.38000000E+01  0.79000001E+01  +Infinity
  0.38000000E+01  0.79499998E+01  +Infinity
  0.38000000E+01  0.80000000E+01  +Infinity

  0.40000000E+01  0.10000000E+01  +Infinity
  0.40000000E+01  0.10500000E+01  +Infinity
  0.40000000E+01  0.11000000E+01  +Infinity
  0.40000000E+01  0.11500000E+01  +Infinity
  0.40000000E+01  0.12000000E+01  +Infinity
  0.40000000E+01  0.12500000E+01  +Infinity
  0.40000000E+01  0.13000000E+01  +Infinity
  0.40000000E+01  0.13500000E+01  +Infinity
  0.40000000E+01  0.14000000E+01  +Infinity
  0.40000000E+01  0.14500000E+01  +Infinity
  0.40000000E+01  0.15000000E+01  +Infinity
  0.40000000E+01  0.15500000E+01  +Infinity
  0.40000000E+01  0.16000000E+01  +Infinity
  0.40000000E+01  0.16500000E+01 -0.16542419E+02
  0.40000000E+01  0.17000000E+01 -0.20592904E+02
  0.40000000E+01  0.17500000E+01 -0.23590145E+02
  0.40000000E+01  0.18000000E+01 -0.25569679E+02
  0.40000000E+01  0.18500000E+01 -0.26164766E+02
  0.40000000E+01  0.19000000E+01 -0.25658259E+02
  0.40000000E+01  0.19500000E+01 -0.25279040E+02
  0.40000000E+01  0.20000000E+01 -0.23764074E+02
  0.40000000E+01  0.20500000E+01 -0.22411673E+02
  0.40000000E+01  0.20999999E+01 -0.21484438E+02
  0.40000000E+01  0.21500001E+01 -0.20486795E+02
  0.40000000E+01  0.22000000E+01 -0.18398223E+02
  0.40000000E+01  0.22500000E+01 -0.16832657E+02
  0.40000000E+01  0.23000000E+01 -0.15849594E+02
  0.40000000E+01  0.23499999E+01  +Infinity
  0.40000000E+01  0.24000001E+01  +Infinity
  0.40000000E+01  0.24500000E+01  +Infinity
  0.40000000E+01  0.25000000E+01  +Infinity
  0.40000000E+01  0.25500000E+01  +Infinity
  0.40000000E+01  0.25999999E+01  +Infinity
  0.40000000E+01  0.26500001E+01  +Infinity
  0.40000000E+01  0.27000000E+01  +Infinity
  0.40000000E+01  0.27500000E+01  +Infinity
  0.40000000E+01  0.28000000E+01  +Infinity
  0.40000000E+01  0.28499999E+01  +Infinity
  0.40000000E+01  0.29000001E+01  +Infinity
  0.40000000E+01  0.29500000E+01  +Infinity
  0.40000000E+01  0.30000000E+01  +Infinity
  0.40000000E+01  0.30500000E+01  +Infinity
  0.40000000E+01  0.30999999E+01  +Infinity
  0.40000000E+01  0.31500001E+01  +Infinity
  0.40000000E+01  0.32000000E+01  +Infinity
  0.40000000E+01  0.32500000E+01  +Infinity
  0.40000000E+01  0.33000000E+01  +Infinity
  0.40000000E+01  0.33499999E+01  +Infinity
  0.40000000E+01  0.34000001E+01  +Infinity
  0.40000000E+01  0.34500000E+01  +Infinity
  0.40000000E+01  0.35000000E+01  +Infinity
  0.40000000E+01  0.35500000E+01  +Infinity
  0.40000000E+01  0.35999999E+01  +Infinity
  0.40000000E+01  0.36500001E+01  +Infinity
  0.40000000E+01  0.37000000E+01  +Infinity
  0.40000000E+01  0.37500000E+01  +Infinity
  0.40000000E+01  0.38000000E+01  +Infinity
  0.40000000E+01  0.38499999E+01  +Infinity
  0.40000000E+01  0.39000001E+01  +Infinity
  0.40000000E+01  0.39500000E+01  +Infinity
  0.40000000E+01  0.40000000E+01  +Infinity
  0.40000000E+01  0.40500002E+01  +Infinity
  0.40000000E+01  0.40999999E+01  +Infinity
  0.40000000E+01  0.41500001E+01  +Infinity
  0.40000000E+01  0.41999998E+01  +Infinity
  0.40000000E+01  0.42500000E+01  +Infinity
  0.40000000E+01  0.43000002E+01  +Infinity
  0.40000000E+01  0.43499999E+01  +Infinity
  0.40000000E+01  0.44000001E+01  +Infinity
  0.40000000E+01  0.44499998E+01  +Infinity
  0.40000000E+01  0.45000000E+01  +Infinity
  0.40000000E+01  0.45500002E+01  +Infinity
  0.40000000E+01  0.45999999E+01  +Infinity
  0.40000000E+01  0.46500001E+01  +Infinity
  0.40000000E+01  0.46999998E+01  +Infinity
  0.40000000E+01  0.47500000E+01  +Infinity
  0.40000000E+01  0.48000002E+01  +Infinity
  0.40000000E+01  0.48499999E+01  +Infinity
  0.40000000E+01  0.49000001E+01  +Infinity
  0.40000000E+01  0.49499998E+01  +Infinity
  0.40000000E+01  0.50000000E+01  +Infinity
  0.40000000E+01  0.50500002E+01  +Infinity
  0.40000000E+01  0.50999999E+01  +Infinity
  0.40000000E+01  0.51500001E+01  +Infinity
  0.40000000E+01  0.51999998E+01  +Infinity
  0.40000000E+01  0.52500000E+01  +Infinity
  0.40000000E+01  0.53000002E+01  +Infinity
  0.40000000E+01  0.53499999E+01  +Infinity
  0.40000000E+01  0.54000001E+01  +Infinity
  0.40000000E+01  0.54499998E+01  +Infinity
  0.40000000E+01  0.55000000E+01  +Infinity
  0.40000000E+01  0.55500002E+01  +Infinity
  0.40000000E+01  0.55999999E+01  +Infinity
  0.40000000E+01  0.56500001E+01  +Infinity
  0.40000000E+01  0.56999998E+01  +Infinity
  0.40000000E+01  0.57500000E+01  +Infinity
  0.40000000E+01  0.58000002E+01  +Infinity
  0.40000000E+01  0.58499999E+01  +Infinity
  0.40000000E+01  0.59000001E+01  +Infinity
  0.40000000E+01  0.59499998E+01  +Infinity
  0.40000000E+01  0.60000000E+01  +Infinity
  0.40000000E+01  0.60500002E+01  +Infinity
  0.40000000E+01  0.60999999E+01  +Infinity
  0.40000000E+01  0.61500001E+01  +Infinity
  0.40000000E+01  0.61999998E+01  +Infinity
  0.40000000E+01  0.62500000E+01  +Infinity
  0.40000000E+01  0.63000002E+01  +Infinity
  0.40000000E+01  0.63499999E+01  +Infinity
  0.40000000E+01  0.64000001E+01  +Infinity
  0.40000000E+01  0.64499998E+01  +Infinity
  0.40000000E+01  0.65000000E+01  +Infinity
  0.40000000E+01  0.65500002E+01  +Infinity
  0.40000000E+01  0.65999999E+01  +Infinity
  0.40000000E+01  0.66500001E+01  +Infinity
  0.40000000E+01  0.66999998E+01  +Infinity
  0.40000000E+01  0.67500000E+01  +Infinity
  0.40000000E+01  0.68000002E+01  +Infinity
  0.40000000E+01  0.68499999E+01  +Infinity
  0.40000000E+01  0.69000001E+01  +Infinity
  0.40000000E+01  0.69499998E+01  +Infinity
  0.40000000E+01  0.70000000E+01  +Infinity
  0.40000000E+01  0.70500002E+01  +Infinity
  0.40000000E+01  0.70999999E+01  +Infinity
  0.40000000E+01  0.71500001E+01  +Infinity
  0.40000000E+01  0.71999998E+01  +Infinity
  0.40000000E+01  0.72500000E+01  +Infinity
  0.40000000E+01  0.73000002E+01  +Infinity
  0.40000000E+01  0.73499999E+01  +Infinity
  0.40000000E+01  0.74000001E+01  +Infinity
  0.40000000E+01  0.74499998E+01  +Infinity
  0.40000000E+01  0.75000000E+01  +Infinity
  0.40000000E+01  0.75500002E+01  +Infinity
  0.40000000E+01  0.75999999E+01  +Infinity
  0.40000000E+01  0.76500001E+01  +Infinity
  0.40000000E+01  0.76999998E+01  +Infinity
  0.40000000E+01  0.77500000E+01  +Infinity
  0.40000000E+01  0.78000002E+01  +Infinity
  0.40000000E+01  0.78499999E+01  +Infinity
  0.40000000E+01  0.79000001E+01  +Infinity
  0.40000000E+01  0.79499998E+01  +Infinity
  0.40000000E+01  0.80000000E+01  +Infinity

